1000 3985
0 2
0 4
1 4
2 4
3 4
0 5
1 5
2 5
3 5
0 6
1 6
2 6
4 6
0 7
2 7
5 7
6 7
1 8
2 8
5 8
6 8
2 9
5 9
7 9
8 9
2 10
7 10
8 10
9 10
1 11
3 11
7 11
9 11
1 12
9 12
10 12
11 12
2 13
3 13
9 13
12 13
0 14
7 14
10 14
11 14
3 15
5 15
9 15
14 15
7 16
8 16
9 16
13 16
3 17
5 17
11 17
14 17
5 18
8 18
10 18
17 18
4 19
6 19
15 19
16 19
2 20
3 20
13 20
16 20
6 21
8 21
17 21
18 21
8 22
11 22
17 22
20 22
8 23
18 23
21 23
22 23
2 24
13 24
18 24
21 24
8 25
13 25
15 25
18 25
3 26
11 26
24 26
25 26
11 27
15 27
23 27
26 27
7 28
9 28
11 28
16 28
13 29
16 29
17 29
22 29
0 30
3 30
23 30
25 30
2 31
13 31
20 31
25 31
20 32
22 32
23 32
30 32
4 33
17 33
18 33
19 33
2 34
10 34
18 34
22 34
0 35
6 35
33 35
34 35
11 36
17 36
22 36
33 36
2 37
3 37
8 37
14 37
3 38
5 38
21 38
32 38
1 39
10 39
15 39
18 39
22 40
32 40
38 40
39 40
4 41
12 41
14 41
21 41
14 42
28 42
37 42
39 42
10 43
39 43
41 43
42 43
9 44
29 44
39 44
40 44
1 45
10 45
19 45
27 45
9 46
36 46
40 46
44 46
0 47
22 47
23 47
40 47
10 48
27 48
32 48
35 48
42 49
43 49
47 49
48 49
2 50
3 50
4 50
41 50
18 51
27 51
28 51
49 51
7 52
32 52
42 52
46 52
32 53
38 53
40 53
44 53
2 54
37 54
40 54
42 54
4 55
6 55
14 55
46 55
32 56
48 56
49 56
55 56
17 57
28 57
34 57
43 57
5 58
34 58
35 58
55 58
10 59
15 59
39 59
44 59
38 60
40 60
47 60
57 60
28 61
39 61
42 61
54 61
3 62
11 62
25 62
26 62
17 63
35 63
51 63
58 63
9 64
28 64
42 64
51 64
2 65
12 65
40 65
47 65
23 66
33 66
48 66
62 66
7 67
9 67
10 67
63 67
14 68
15 68
63 68
67 68
63 69
65 69
67 69
68 69
30 70
31 70
46 70
49 70
13 71
21 71
30 71
51 71
4 72
48 72
52 72
62 72
63 73
69 73
70 73
71 73
14 74
25 74
51 74
69 74
17 75
33 75
36 75
70 75
4 76
25 76
29 76
44 76
6 77
28 77
60 77
70 77
7 78
40 78
56 78
73 78
3 79
14 79
17 79
75 79
28 80
57 80
77 80
78 80
2 81
46 81
50 81
56 81
7 82
21 82
32 82
38 82
10 83
39 83
43 83
61 83
10 84
39 84
59 84
77 84
20 85
56 85
61 85
82 85
4 86
6 86
16 86
19 86
16 87
20 87
31 87
85 87
35 88
42 88
43 88
76 88
4 89
85 89
87 89
88 89
10 90
12 90
88 90
89 90
9 91
13 91
16 91
86 91
87 92
88 92
89 92
90 92
63 93
67 93
85 93
87 93
6 94
43 94
69 94
88 94
20 95
25 95
78 95
90 95
10 96
58 96
64 96
77 96
13 97
25 97
76 97
94 97
3 98
4 98
36 98
97 98
11 99
94 99
97 99
98 99
38 100
84 100
87 100
94 100
94 101
96 101
97 101
100 101
94 102
95 102
97 102
101 102
3 103
94 103
97 103
101 103
0 104
1 104
3 104
6 104
25 105
51 105
74 105
104 105
11 106
16 106
86 106
91 106
35 107
58 107
104 107
105 107
35 108
65 108
75 108
88 108
104 109
105 109
107 109
108 109
104 110
105 110
107 110
109 110
18 111
27 111
51 111
64 111
4 112
6 112
16 112
86 112
2 113
18 113
39 113
96 113
11 114
23 114
44 114
91 114
3 115
20 115
50 115
68 115
104 116
107 116
109 116
110 116
34 117
35 117
107 117
115 117
19 118
46 118
49 118
67 118
77 119
115 119
117 119
118 119
14 120
27 120
103 120
113 120
35 121
115 121
117 121
119 121
115 122
117 122
119 122
121 122
25 123
29 123
76 123
88 123
3 124
26 124
27 124
120 124
60 125
118 125
120 125
124 125
115 126
117 126
118 126
122 126
49 127
58 127
101 127
109 127
3 128
30 128
48 128
124 128
56 129
78 129
80 129
95 129
59 130
70 130
72 130
87 130
44 131
59 131
76 131
130 131
0 132
12 132
38 132
82 132
128 133
130 133
131 133
132 133
127 134
128 134
131 134
132 134
33 135
127 135
128 135
134 135
112 136
127 136
132 136
134 136
9 137
68 137
91 137
107 137
128 138
132 138
135 138
137 138
130 139
131 139
132 139
133 139
43 140
78 140
96 140
98 140
22 141
98 141
103 141
106 141
38 142
100 142
140 142
141 142
40 143
86 143
106 143
112 143
34 144
82 144
102 144
114 144
15 145
30 145
102 145
119 145
140 146
141 146
142 146
145 146
140 147
144 147
145 147
146 147
140 148
141 148
142 148
147 148
5 149
8 149
73 149
103 149
17 150
104 150
134 150
135 150
143 151
145 151
146 151
148 151
100 152
101 152
102 152
103 152
120 153
145 153
146 153
150 153
25 154
42 154
51 154
95 154
49 155
124 155
133 155
153 155
9 156
11 156
46 156
67 156
34 157
66 157
96 157
141 157
9 158
76 158
93 158
118 158
130 159
154 159
155 159
157 159
84 160
107 160
111 160
147 160
12 161
74 161
90 161
143 161
28 162
29 162
35 162
104 162
150 163
153 163
157 163
159 163
155 164
158 164
162 164
163 164
150 165
153 165
155 165
161 165
154 166
158 166
162 166
164 166
154 167
155 167
162 167
166 167
23 168
48 168
108 168
115 168
158 169
160 169
162 169
164 169
101 170
117 170
141 170
169 170
13 171
16 171
91 171
170 171
11 172
25 172
50 172
146 172
26 173
98 173
110 173
126 173
132 174
134 174
139 174
172 174
170 175
171 175
172 175
174 175
131 176
134 176
170 176
171 176
171 177
172 177
174 177
175 177
172 178
174 178
175 178
177 178
86 179
91 179
106 179
112 179
174 180
175 180
177 180
178 180
24 181
91 181
164 181
169 181
19 182
118 182
126 182
158 182
170 183
171 183
173 183
176 183
171 184
173 184
181 184
183 184
174 185
177 185
181 185
184 185
180 186
181 186
184 186
185 186
136 187
145 187
168 187
169 187
112 188
132 188
136 188
187 188
57 189
77 189
78 189
80 189
94 190
97 190
187 190
188 190
50 191
187 191
188 191
190 191
56 192
101 192
132 192
169 192
24 193
135 193
173 193
192 193
16 194
49 194
121 194
143 194
187 195
188 195
190 195
191 195
187 196
188 196
193 196
195 196
35 197
47 197
85 197
136 197
187 198
188 198
190 198
195 198
17 199
36 199
192 199
197 199
33 200
39 200
67 200
160 200
192 201
193 201
196 201
197 201
193 202
196 202
200 202
201 202
188 203
190 203
191 203
192 203
171 204
193 204
196 204
201 204
187 205
190 205
195 205
198 205
67 206
85 206
108 206
133 206
55 207
57 207
146 207
184 207
35 208
107 208
156 208
193 208
172 209
175 209
178 209
207 209
9 210
87 210
97 210
124 210
24 211
62 211
87 211
109 211
206 212
208 212
210 212
211 212
208 213
210 213
211 213
212 213
154 214
155 214
162 214
167 214
206 215
210 215
212 215
213 215
190 216
195 216
198 216
211 216
193 217
197 217
201 217
202 217
206 218
208 218
211 218
216 218
36 219
207 219
208 219
209 219
207 220
210 220
213 220
215 220
20 221
87 221
89 221
100 221
207 222
208 222
209 222
219 222
210 223
213 223
215 223
220 223
27 224
48 224
208 224
219 224
70 225
130 225
131 225
139 225
210 226
213 226
215 226
220 226
66 227
91 227
133 227
187 227
21 228
49 228
67 228
195 228
155 229
167 229
227 229
228 229
8 230
26 230
73 230
221 230
7 231
32 231
82 231
227 231
227 232
228 232
229 232
231 232
227 233
230 233
231 233
232 233
49 234
51 234
67 234
217 234
3 235
13 235
23 235
75 235
227 236
230 236
231 236
232 236
227 237
231 237
232 237
236 237
231 238
232 238
236 238
237 238
42 239
43 239
88 239
235 239
227 240
234 240
235 240
239 240
227 241
232 241
236 241
238 241
234 242
235 242
239 242
240 242
61 243
68 243
217 243
220 243
235 244
239 244
240 244
242 244
232 245
237 245
238 245
241 245
145 246
147 246
187 246
243 246
235 247
240 247
242 247
244 247
230 248
233 248
237 248
238 248
73 249
136 249
205 249
229 249
22 250
61 250
171 250
222 250
60 251
118 251
120 251
125 251
30 252
57 252
160 252
179 252
134 253
135 253
150 253
163 253
24 254
68 254
128 254
232 254
65 255
69 255
252 255
254 255
250 256
252 256
254 256
255 256
106 257
252 257
255 257
256 257
40 258
47 258
60 258
254 258
189 259
250 259
254 259
258 259
250 260
252 260
256 260
257 260
254 261
258 261
259 261
260 261
254 262
258 262
259 262
261 262
63 263
67 263
156 263
200 263
77 264
171 264
199 264
212 264
97 265
190 265
205 265
264 265
250 266
256 266
257 266
260 266
155 267
250 267
260 267
266 267
61 268
80 268
104 268
117 268
250 269
260 269
266 269
267 269
7 270
55 270
221 270
238 270
264 271
265 271
269 271
270 271
250 272
260 272
266 272
269 272
257 273
264 273
265 273
268 273
250 274
260 274
267 274
269 274
14 275
138 275
255 275
258 275
36 276
68 276
94 276
164 276
33 277
139 277
148 277
275 277
4 278
20 278
116 278
141 278
74 279
275 279
276 279
277 279
145 280
151 280
275 280
278 280
63 281
107 281
241 281
246 281
182 282
275 282
276 282
280 282
257 283
265 283
268 283
273 283
33 284
94 284
147 284
183 284
277 285
278 285
279 285
284 285
58 286
276 286
282 286
284 286
275 287
278 287
280 287
281 287
277 288
279 288
281 288
285 288
132 289
136 289
187 289
249 289
276 290
278 290
282 290
286 290
276 291
281 291
282 291
286 291
281 292
282 292
286 292
291 292
28 293
45 293
94 293
138 293
276 294
282 294
286 294
291 294
15 295
275 295
280 295
287 295
25 296
158 296
260 296
274 296
275 297
280 297
287 297
295 297
276 298
282 298
291 298
294 298
17 299
75 299
79 299
296 299
276 300
291 300
294 300
298 300
108 301
206 301
215 301
284 301
277 302
279 302
285 302
288 302
45 303
122 303
151 303
215 303
14 304
204 304
225 304
303 304
35 305
121 305
303 305
304 305
169 306
170 306
303 306
305 306
34 307
114 307
144 307
147 307
303 308
304 308
305 308
306 308
9 309
39 309
44 309
53 309
303 310
304 310
305 310
308 310
303 311
304 311
308 311
310 311
139 312
304 312
310 312
311 312
126 313
173 313
181 313
204 313
61 314
234 314
277 314
281 314
67 315
228 315
232 315
313 315
303 316
305 316
313 316
315 316
121 317
122 317
207 317
231 317
303 318
305 318
306 318
308 318
304 319
310 319
311 319
312 319
308 320
313 320
315 320
316 320
70 321
85 321
110 321
275 321
303 322
305 322
308 322
318 322
107 323
117 323
121 323
122 323
305 324
308 324
318 324
322 324
16 325
49 325
106 325
284 325
313 326
314 326
315 326
316 326
304 327
310 327
312 327
321 327
313 328
315 328
316 328
320 328
313 329
315 329
316 329
320 329
316 330
321 330
327 330
329 330
304 331
311 331
314 331
326 331
313 332
315 332
316 332
328 332
39 333
61 333
83 333
268 333
44 334
246 334
271 334
333 334
303 335
322 335
324 335
334 335
5 336
8 336
334 336
335 336
24 337
292 337
304 337
318 337
93 338
95 338
113 338
194 338
137 339
334 339
335 339
336 339
50 340
115 340
121 340
122 340
334 341
336 341
338 341
339 341
67 342
91 342
117 342
180 342
101 343
338 343
341 343
342 343
41 344
104 344
271 344
331 344
337 345
342 345
343 345
344 345
336 346
342 346
343 346
345 346
193 347
201 347
202 347
204 347
132 348
289 348
338 348
341 348
334 349
335 349
336 349
339 349
188 350
190 350
192 350
203 350
35 351
107 351
108 351
344 351
186 352
225 352
273 352
320 352
338 353
344 353
348 353
351 353
337 354
342 354
345 354
352 354
343 355
344 355
351 355
353 355
335 356
336 356
339 356
349 356
342 357
343 357
345 357
346 357
158 358
164 358
169 358
276 358
338 359
341 359
342 359
348 359
342 360
343 360
346 360
357 360
334 361
335 361
339 361
349 361
338 362
341 362
348 362
359 362
344 363
351 363
353 363
355 363
151 364
337 364
352 364
354 364
337 365
354 365
356 365
364 365
336 366
339 366
349 366
356 366
344 367
351 367
353 367
355 367
71 368
111 368
201 368
315 368
66 369
157 369
159 369
368 369
31 370
174 370
252 370
318 370
67 371
82 371
274 371
330 371
368 372
369 372
370 372
371 372
41 373
70 373
174 373
187 373
120 374
241 374
262 374
373 374
368 375
369 375
371 375
374 375
10 376
105 376
263 376
309 376
279 377
368 377
369 377
375 377
368 378
375 378
376 378
377 378
110 379
142 379
193 379
239 379
172 380
300 380
328 380
350 380
104 381
344 381
353 381
379 381
41 382
194 382
234 382
336 382
370 383
372 383
374 383
378 383
368 384
369 384
375 384
377 384
370 385
372 385
377 385
383 385
36 386
74 386
123 386
136 386
371 387
373 387
376 387
378 387
368 388
369 388
375 388
386 388
215 389
374 389
379 389
381 389
374 390
379 390
381 390
389 390
304 391
310 391
327 391
382 391
359 392
380 392
382 392
391 392
371 393
373 393
381 393
390 393
368 394
384 394
386 394
388 394
58 395
183 395
194 395
352 395
100 396
374 396
380 396
392 396
370 397
372 397
374 397
383 397
376 398
378 398
382 398
391 398
117 399
119 399
122 399
145 399
156 400
200 400
263 400
376 400
13 401
31 401
70 401
87 401
30 402
70 402
145 402
252 402
17 403
22 403
29 403
76 403
120 404
146 404
153 404
155 404
313 405
315 405
316 405
328 405
55 406
146 406
184 406
207 406
100 407
101 407
103 407
152 407
100 408
101 408
152 408
343 408
193 409
201 409
217 409
347 409
14 410
17 410
75 410
79 410
2 411
3 411
5 411
9 411
20 412
87 412
100 412
221 412
235 413
240 413
244 413
247 413
378 414
382 414
391 414
398 414
370 415
377 415
383 415
385 415
12 416
14 416
41 416
43 416
12 417
74 417
143 417
161 417
344 418
351 418
355 418
363 418
201 419
202 419
347 419
368 419
134 420
174 420
177 420
370 420
210 421
215 421
220 421
226 421
373 422
381 422
390 422
393 422
16 423
20 423
28 423
112 423
177 424
181 424
184 424
185 424
371 425
376 425
378 425
387 425
132 426
133 426
139 426
227 426
138 427
255 427
275 427
295 427
134 428
136 428
150 428
420 428
4 429
88 429
89 429
92 429
344 430
351 430
353 430
367 430
157 431
159 431
369 431
372 431
18 432
27 432
51 432
154 432
30 433
102 433
119 433
145 433
115 434
118 434
119 434
121 434
211 435
213 435
215 435
226 435
12 436
41 436
43 436
416 436
278 437
284 437
285 437
302 437
58 438
101 438
127 438
136 438
375 439
377 439
378 439
385 439
380 440
382 440
391 440
392 440
341 441
348 441
353 441
362 441
10 442
34 442
58 442
307 442
14 443
275 443
279 443
287 443
212 444
213 444
220 444
435 444
303 445
305 445
306 445
308 445
7 446
9 446
63 446
67 446
338 447
341 447
343 447
441 447
100 448
140 448
142 448
148 448
57 449
77 449
78 449
189 449
338 450
348 450
359 450
392 450
162 451
164 451
169 451
276 451
44 452
59 452
131 452
139 452
134 453
150 453
420 453
428 453
22 454
23 454
32 454
82 454
91 455
133 455
227 455
236 455
232 456
237 456
245 456
315 456
282 457
284 457
286 457
290 457
338 458
348 458
392 458
450 458
264 459
268 459
273 459
352 459
89 460
221 460
230 460
270 460
17 461
22 461
29 461
403 461
336 462
349 462
356 462
366 462
100 463
142 463
148 463
448 463
380 464
382 464
391 464
440 464
21 465
24 465
26 465
254 465
157 466
369 466
372 466
431 466
4 467
48 467
72 467
130 467
35 468
63 468
67 468
93 468
109 469
110 469
173 469
379 469
39 470
160 470
200 470
400 470
143 471
161 471
165 471
417 471
344 472
345 472
354 472
357 472
9 473
11 473
12 473
417 473
341 474
359 474
362 474
441 474
17 475
76 475
403 475
461 475
276 476
291 476
294 476
300 476
207 477
208 477
219 477
224 477
343 478
345 478
346 478
357 478
162 479
169 479
276 479
451 479
171 480
173 480
184 480
185 480
276 481
291 481
294 481
476 481
10 482
39 482
59 482
84 482
11 483
22 483
36 483
403 483
144 484
147 484
160 484
284 484
276 485
291 485
476 485
481 485
15 486
63 486
67 486
68 486
193 487
196 487
204 487
313 487
28 488
61 488
77 488
423 488
22 489
36 489
403 489
483 489
83 490
268 490
333 490
334 490
379 491
381 491
389 491
390 491
313 492
315 492
316 492
320 492
188 493
190 493
203 493
350 493
110 494
379 494
381 494
390 494
171 495
212 495
264 495
271 495
104 496
107 496
109 496
127 496
292 497
318 497
337 497
354 497
145 498
187 498
246 498
334 498
32 499
40 499
53 499
309 499
313 500
315 500
316 500
492 500
127 501
136 501
187 501
249 501
12 502
14 502
41 502
416 502
39 503
160 503
400 503
470 503
348 504
359 504
362 504
474 504
14 505
15 505
68 505
486 505
7 506
10 506
376 506
442 506
35 507
63 507
67 507
468 507
195 508
211 508
216 508
218 508
127 509
136 509
187 509
501 509
312 510
327 510
330 510
391 510
228 511
232 511
245 511
456 511
252 512
370 512
385 512
397 512
39 513
268 513
333 513
334 513
188 514
191 514
195 514
205 514
207 515
208 515
219 515
222 515
115 516
117 516
126 516
313 516
378 517
391 517
398 517
414 517
370 518
385 518
420 518
512 518
51 519
154 519
159 519
166 519
110 520
275 520
321 520
330 520
351 521
353 521
367 521
430 521
96 522
157 522
369 522
466 522
25 523
29 523
123 523
386 523
232 524
241 524
245 524
456 524
38 525
47 525
60 525
125 525
98 526
173 526
193 526
469 526
66 527
369 527
384 527
466 527
2 528
6 528
55 528
104 528
313 529
315 529
492 529
500 529
349 530
361 530
366 530
462 530
157 531
369 531
431 531
522 531
107 532
208 532
218 532
515 532
193 533
201 533
204 533
347 533
257 534
264 534
273 534
459 534
349 535
366 535
462 535
530 535
162 536
164 536
451 536
479 536
303 537
304 537
311 537
319 537
383 538
385 538
415 538
518 538
47 539
49 539
197 539
258 539
107 540
121 540
122 540
323 540
275 541
278 541
280 541
287 541
210 542
213 542
215 542
223 542
207 543
208 543
222 543
515 543
36 544
40 544
46 544
55 544
31 545
70 545
87 545
401 545
138 546
275 546
295 546
427 546
190 547
191 547
203 547
350 547
14 548
15 548
68 548
505 548
286 549
291 549
292 549
497 549
275 550
321 550
330 550
520 550
63 551
68 551
254 551
276 551
4 552
50 552
172 552
191 552
112 553
143 553
161 553
471 553
28 554
77 554
119 554
449 554
257 555
264 555
273 555
534 555
38 556
47 556
125 556
525 556
39 557
333 557
334 557
513 557
269 558
274 558
296 558
371 558
29 559
76 559
123 559
523 559
276 560
286 560
292 560
457 560
28 561
77 561
189 561
449 561
306 562
308 562
318 562
324 562
30 563
160 563
179 563
252 563
344 564
351 564
353 564
367 564
5 565
335 565
336 565
339 565
200 566
376 566
400 566
503 566
313 567
314 567
326 567
331 567
268 568
352 568
459 568
534 568
7 569
376 569
442 569
506 569
14 570
275 570
287 570
443 570
85 571
110 571
321 571
520 571
177 572
370 572
420 572
428 572
316 573
326 573
329 573
500 573
155 574
161 574
165 574
471 574
377 575
378 575
385 575
415 575
338 576
359 576
450 576
458 576
278 577
280 577
282 577
287 577
206 578
212 578
215 578
421 578
338 579
392 579
450 579
576 579
162 580
164 580
169 580
451 580
0 581
1 581
5 581
411 581
155 582
163 582
164 582
276 582
276 583
291 583
294 583
300 583
271 584
344 584
355 584
564 584
2 585
18 585
113 585
338 585
136 586
187 586
196 586
227 586
380 587
382 587
391 587
464 587
175 588
177 588
178 588
424 588
3 589
13 589
235 589
244 589
38 590
60 590
125 590
258 590
147 591
160 591
284 591
484 591
58 592
194 592
352 592
395 592
188 593
190 593
195 593
198 593
171 594
212 594
264 594
273 594
2 595
4 595
50 595
340 595
265 596
271 596
334 596
584 596
338 597
392 597
450 597
458 597
188 598
190 598
195 598
593 598
169 599
170 599
192 599
580 599
70 600
110 600
321 600
330 600
71 601
73 601
78 601
149 601
368 602
374 602
375 602
384 602
193 603
208 603
212 603
219 603
304 604
312 604
319 604
331 604
275 605
278 605
280 605
541 605
39 606
40 606
258 606
544 606
148 607
277 607
279 607
302 607
76 608
97 608
123 608
131 608
9 609
11 609
15 609
46 609
315 610
328 610
332 610
405 610
61 611
268 611
333 611
568 611
177 612
370 612
428 612
572 612
343 613
345 613
346 613
478 613
55 614
56 614
270 614
406 614
128 615
138 615
275 615
293 615
70 616
75 616
108 616
235 616
55 617
56 617
78 617
614 617
122 618
207 618
231 618
317 618
346 619
357 619
478 619
613 619
11 620
25 620
62 620
72 620
28 621
61 621
77 621
554 621
157 622
159 622
163 622
253 622
37 623
42 623
54 623
61 623
14 624
287 624
443 624
570 624
207 625
209 625
220 625
515 625
9 626
36 626
46 626
609 626
5 627
9 627
16 627
446 627
136 628
187 628
196 628
586 628
344 629
345 629
354 629
472 629
276 630
291 630
476 630
485 630
304 631
337 631
354 631
497 631
55 632
56 632
78 632
617 632
2 633
4 633
6 633
55 633
254 634
258 634
261 634
262 634
382 635
398 635
414 635
517 635
277 636
279 636
302 636
443 636
276 637
476 637
481 637
485 637
17 638
63 638
69 638
73 638
22 639
250 639
266 639
274 639
343 640
346 640
357 640
478 640
373 641
381 641
393 641
422 641
89 642
90 642
92 642
429 642
173 643
181 643
204 643
313 643
3 644
50 644
81 644
595 644
117 645
121 645
268 645
342 645
382 646
391 646
464 646
587 646
257 647
264 647
534 647
568 647
13 648
70 648
401 648
545 648
213 649
215 649
223 649
542 649
348 650
353 650
359 650
450 650
154 651
166 651
167 651
229 651
188 652
190 652
191 652
203 652
36 653
219 653
222 653
477 653
25 654
74 654
105 654
161 654
352 655
459 655
534 655
568 655
3 656
17 656
29 656
75 656
316 657
326 657
500 657
573 657
145 658
153 658
155 658
165 658
177 659
370 659
420 659
518 659
29 660
403 660
461 660
656 660
120 661
153 661
155 661
404 661
206 662
215 662
435 662
542 662
122 663
207 663
317 663
618 663
304 664
337 664
354 664
631 664
174 665
318 665
370 665
385 665
193 666
196 666
204 666
217 666
100 667
407 667
408 667
448 667
15 668
19 668
33 668
45 668
117 669
121 669
268 669
645 669
273 670
459 670
534 670
655 670
276 671
481 671
485 671
637 671
190 672
191 672
203 672
547 672
100 673
374 673
392 673
396 673
120 674
153 674
404 674
661 674
74 675
136 675
386 675
394 675
55 676
56 676
129 676
617 676
368 677
376 677
378 677
387 677
39 678
160 678
470 678
503 678
374 679
381 679
389 679
390 679
12 680
132 680
174 680
348 680
274 681
296 681
371 681
558 681
12 682
14 682
416 682
502 682
50 683
115 683
172 683
552 683
55 684
56 684
632 684
676 684
17 685
76 685
403 685
475 685
211 686
212 686
213 686
226 686
313 687
315 687
405 687
610 687
14 688
41 688
416 688
436 688
27 689
120 689
125 689
404 689
29 690
44 690
114 690
452 690
3 691
17 691
656 691
660 691
368 692
374 692
375 692
602 692
344 693
351 693
363 693
564 693
63 694
69 694
94 694
638 694
11 695
46 695
609 695
626 695
239 696
240 696
242 696
244 696
133 697
139 697
225 697
312 697
232 698
241 698
245 698
524 698
4 699
48 699
72 699
467 699
190 700
195 700
198 700
216 700
70 701
145 701
252 701
402 701
368 702
372 702
383 702
431 702
118 703
119 703
121 703
434 703
55 704
56 704
676 704
684 704
315 705
320 705
329 705
573 705
342 706
343 706
357 706
360 706
98 707
193 707
469 707
526 707
211 708
212 708
444 708
578 708
8 709
22 709
250 709
454 709
63 710
67 710
68 710
486 710
12 711
43 711
436 711
688 711
382 712
391 712
464 712
587 712
232 713
245 713
524 713
698 713
369 714
372 714
377 714
531 714
201 715
368 715
375 715
419 715
276 716
294 716
481 716
637 716
50 717
190 717
191 717
552 717
7 718
10 718
376 718
506 718
70 719
321 719
330 719
600 719
382 720
391 720
587 720
646 720
374 721
375 721
602 721
692 721
25 722
29 722
123 722
523 722
376 723
506 723
569 723
718 723
12 724
132 724
174 724
680 724
190 725
195 725
547 725
717 725
4 726
33 726
35 726
75 726
0 727
30 727
32 727
433 727
353 728
367 728
430 728
564 728
5 729
336 729
339 729
565 729
78 730
189 730
449 730
561 730
187 731
190 731
205 731
249 731
373 732
374 732
389 732
673 732
96 733
157 733
159 733
369 733
13 734
16 734
29 734
627 734
171 735
204 735
304 735
666 735
381 736
393 736
422 736
641 736
48 737
208 737
219 737
224 737
282 738
286 738
294 738
481 738
100 739
101 739
103 739
407 739
18 740
39 740
96 740
113 740
144 741
147 741
284 741
484 741
291 742
294 742
300 742
583 742
278 743
287 743
541 743
605 743
191 744
547 744
672 744
725 744
212 745
444 745
578 745
708 745
313 746
315 746
492 746
529 746
313 747
329 747
330 747
705 747
171 748
196 748
204 748
666 748
132 749
136 749
289 749
348 749
18 750
96 750
113 750
740 750
46 751
50 751
56 751
81 751
275 752
321 752
541 752
605 752
338 753
392 753
458 753
597 753
281 754
291 754
300 754
583 754
370 755
372 755
518 755
659 755
162 756
169 756
276 756
479 756
136 757
509 757
675 757
749 757
33 758
200 758
263 758
470 758
291 759
294 759
583 759
742 759
132 760
187 760
249 760
289 760
287 761
443 761
570 761
624 761
44 762
131 762
139 762
452 762
329 763
573 763
705 763
747 763
8 764
37 764
42 764
54 764
231 765
236 765
238 765
241 765
191 766
203 766
547 766
717 766
65 767
68 767
69 767
255 767
276 768
481 768
637 768
671 768
117 769
268 769
342 769
645 769
190 770
547 770
717 770
725 770
470 771
503 771
678 771
758 771
204 772
313 772
405 772
500 772
269 773
296 773
371 773
558 773
134 774
420 774
428 774
518 774
160 775
470 775
563 775
678 775
343 776
355 776
367 776
584 776
71 777
73 777
149 777
601 777
91 778
133 778
227 778
455 778
232 779
241 779
456 779
524 779
13 780
31 780
401 780
545 780
29 781
76 781
88 781
608 781
264 782
265 782
271 782
594 782
158 783
164 783
276 783
358 783
29 784
44 784
656 784
722 784
200 785
376 785
503 785
566 785
89 786
90 786
92 786
642 786
177 787
370 787
572 787
612 787
90 788
92 788
642 788
786 788
382 789
391 789
398 789
414 789
165 790
471 790
553 790
574 790
316 791
330 791
371 791
510 791
29 792
44 792
114 792
690 792
30 793
145 793
402 793
701 793
164 794
169 794
358 794
783 794
204 795
304 795
643 795
772 795
231 796
232 796
237 796
456 796
30 797
119 797
145 797
433 797
22 798
266 798
274 798
639 798
162 799
276 799
451 799
580 799
14 800
443 800
570 800
624 800
58 801
352 801
395 801
592 801
208 802
222 802
515 802
543 802
71 803
149 803
601 803
777 803
17 804
28 804
57 804
189 804
313 805
314 805
331 805
567 805
136 806
197 806
199 806
539 806
48 807
49 807
128 807
224 807
35 808
63 808
263 808
446 808
94 809
97 809
190 809
191 809
171 810
212 810
273 810
594 810
11 811
23 811
114 811
307 811
379 812
389 812
491 812
494 812
304 813
305 813
316 813
318 813
110 814
173 814
469 814
707 814
18 815
27 815
49 815
51 815
38 816
125 816
525 816
556 816
294 817
298 817
300 817
742 817
264 818
271 818
594 818
782 818
379 819
389 819
494 819
812 819
369 820
372 820
377 820
714 820
89 821
90 821
92 821
786 821
334 822
339 822
361 822
530 822
342 823
357 823
360 823
706 823
174 824
318 824
370 824
665 824
256 825
257 825
266 825
639 825
275 826
321 826
330 826
550 826
2 827
55 827
104 827
528 827
191 828
514 828
672 828
809 828
369 829
372 829
714 829
820 829
96 830
369 830
522 830
531 830
209 831
219 831
653 831
737 831
195 832
216 832
218 832
508 832
121 833
143 833
194 833
395 833
8 834
336 834
366 834
729 834
35 835
303 835
305 835
324 835
294 836
300 836
742 836
817 836
56 837
80 837
95 837
129 837
212 838
444 838
708 838
745 838
13 839
29 839
656 839
734 839
470 840
503 840
758 840
771 840
291 841
300 841
481 841
583 841
96 842
369 842
531 842
830 842
220 843
226 843
435 843
686 843
236 844
241 844
281 844
779 844
23 845
66 845
157 845
369 845
173 846
313 846
469 846
526 846
195 847
196 847
216 847
725 847
391 848
464 848
587 848
712 848
42 849
88 849
90 849
94 849
96 850
369 850
830 850
842 850
29 851
162 851
214 851
451 851
6 852
55 852
104 852
528 852
348 853
353 853
441 853
447 853
29 854
656 854
734 854
839 854
101 855
192 855
193 855
203 855
9 856
11 856
12 856
473 856
153 857
404 857
661 857
674 857
27 858
120 858
124 858
689 858
4 859
552 859
683 859
717 859
13 860
87 860
401 860
780 860
51 861
74 861
105 861
417 861
266 862
274 862
639 862
798 862
36 863
219 863
222 863
737 863
55 864
184 864
207 864
515 864
165 865
471 865
574 865
790 865
50 866
121 866
122 866
340 866
383 867
415 867
518 867
538 867
210 868
215 868
421 868
578 868
359 869
362 869
474 869
504 869
38 870
60 870
258 870
590 870
250 871
260 871
269 871
272 871
4 872
6 872
55 872
633 872
353 873
367 873
430 873
728 873
227 874
229 874
232 874
651 874
215 875
220 875
223 875
625 875
375 876
384 876
602 876
692 876
50 877
115 877
172 877
683 877
385 878
415 878
538 878
867 878
96 879
157 879
159 879
733 879
90 880
92 880
786 880
821 880
265 881
268 881
273 881
283 881
342 882
357 882
360 882
706 882
380 883
392 883
440 883
464 883
2 884
9 884
15 884
609 884
381 885
393 885
641 885
736 885
369 886
377 886
531 886
714 886
232 887
315 887
405 887
529 887
212 888
444 888
708 888
745 888
343 889
346 889
355 889
706 889
12 890
143 890
417 890
473 890
36 891
222 891
477 891
653 891
470 892
503 892
775 892
840 892
46 893
55 893
70 893
156 893
157 894
159 894
369 894
384 894
28 895
94 895
293 895
615 895
191 896
203 896
547 896
672 896
231 897
317 897
618 897
663 897
131 898
134 898
170 898
176 898
137 899
339 899
565 899
729 899
300 900
583 900
742 900
841 900
11 901
23 901
114 901
811 901
250 902
269 902
272 902
871 902
22 903
266 903
798 903
862 903
276 904
481 904
671 904
768 904
109 905
110 905
116 905
469 905
8 906
366 906
729 906
834 906
374 907
673 907
692 907
732 907
117 908
121 908
342 908
645 908
55 909
406 909
614 909
617 909
15 910
145 910
187 910
658 910
169 911
276 911
451 911
580 911
227 912
231 912
237 912
874 912
47 913
125 913
556 913
816 913
415 914
538 914
867 914
878 914
68 915
486 915
505 915
548 915
58 916
352 916
592 916
801 916
160 917
284 917
484 917
591 917
236 918
241 918
779 918
844 918
118 919
158 919
182 919
282 919
188 920
190 920
195 920
598 920
51 921
105 921
417 921
861 921
47 922
125 922
556 922
913 922
278 923
280 923
282 923
577 923
15 924
145 924
658 924
910 924
21 925
32 925
82 925
454 925
241 926
281 926
844 926
918 926
36 927
197 927
199 927
806 927
43 928
436 928
688 928
711 928
174 929
177 929
185 929
480 929
104 930
107 930
127 930
496 930
343 931
346 931
355 931
889 931
278 932
287 932
297 932
443 932
308 933
320 933
329 933
492 933
188 934
203 934
350 934
493 934
161 935
165 935
471 935
658 935
55 936
406 936
617 936
909 936
157 937
369 937
372 937
466 937
159 938
369 938
431 938
702 938
4 939
89 939
221 939
460 939
87 940
401 940
780 940
860 940
231 941
232 941
456 941
796 941
135 942
193 942
208 942
409 942
352 943
459 943
568 943
670 943
22 944
82 944
454 944
709 944
291 945
583 945
841 945
900 945
374 946
380 946
392 946
396 946
368 947
384 947
386 947
394 947
380 948
392 948
396 948
440 948
0 949
32 949
433 949
727 949
171 950
196 950
666 950
748 950
68 951
91 951
137 951
138 951
104 952
107 952
116 952
905 952
273 953
459 953
534 953
655 953
118 954
119 954
399 954
433 954
282 955
290 955
291 955
923 955
336 956
349 956
356 956
366 956
276 957
294 957
476 957
485 957
48 958
72 958
130 958
467 958
367 959
430 959
564 959
728 959
42 960
43 960
235 960
239 960
191 961
195 961
203 961
766 961
343 962
345 962
478 962
613 962
250 963
269 963
558 963
871 963
286 964
292 964
497 964
549 964
673 965
692 965
732 965
907 965
401 966
648 966
780 966
940 966
336 967
349 967
366 967
956 967
14 968
279 968
443 968
624 968
177 969
572 969
612 969
787 969
353 970
359 970
450 970
650 970
66 971
157 971
369 971
845 971
34 972
58 972
307 972
442 972
673 973
692 973
732 973
965 973
673 974
692 974
907 974
965 974
277 975
279 975
302 975
607 975
345 976
346 976
357 976
478 976
85 977
321 977
520 977
752 977
188 978
195 978
598 978
920 978
67 979
68 979
505 979
767 979
368 980
602 980
692 980
876 980
67 981
156 981
263 981
400 981
145 982
148 982
151 982
280 982
191 983
514 983
672 983
828 983
12 984
41 984
90 984
680 984
57 985
77 985
189 985
449 985
107 986
109 986
110 986
211 986
14 987
304 987
311 987
337 987
142 988
146 988
153 988
404 988
18 989
51 989
154 989
432 989
203 990
547 990
672 990
961 990
374 991
389 991
390 991
679 991
61 992
217 992
243 992
246 992
140 993
142 993
146 993
148 993
284 994
484 994
741 994
917 994
357 995
360 995
706 995
823 995
24 996
193 996
208 996
707 996
374 997
732 997
965 997
973 997
170 998
175 998
178 998
588 998
370 999
415 999
512 999
824 999
