1000 3985
0 2
0 4
1 4
2 4
3 4
0 5
1 5
2 5
3 5
0 6
1 6
2 6
4 6
0 7
2 7
5 7
6 7
1 8
2 8
5 8
6 8
2 9
5 9
7 9
8 9
2 10
7 10
8 10
9 10
1 11
3 11
7 11
9 11
1 12
9 12
10 12
11 12
2 13
3 13
9 13
12 13
0 14
7 14
10 14
11 14
3 15
5 15
9 15
14 15
7 16
8 16
9 16
13 16
3 17
5 17
11 17
14 17
5 18
8 18
10 18
17 18
4 19
6 19
15 19
16 19
2 20
3 20
13 20
16 20
6 21
8 21
17 21
18 21
8 22
11 22
17 22
20 22
8 23
18 23
21 23
22 23
2 24
13 24
18 24
21 24
8 25
13 25
15 25
18 25
3 26
11 26
24 26
25 26
11 27
15 27
23 27
26 27
7 28
9 28
11 28
16 28
13 29
16 29
17 29
22 29
0 30
3 30
23 30
25 30
2 31
13 31
20 31
25 31
20 32
22 32
23 32
30 32
4 33
17 33
18 33
19 33
2 34
10 34
18 34
22 34
0 35
6 35
33 35
34 35
11 36
17 36
22 36
33 36
2 37
3 37
8 37
14 37
3 38
5 38
21 38
32 38
1 39
10 39
15 39
18 39
22 40
32 40
38 40
39 40
4 41
12 41
14 41
21 41
14 42
28 42
37 42
39 42
10 43
39 43
41 43
42 43
9 44
29 44
39 44
40 44
1 45
10 45
19 45
27 45
9 46
36 46
40 46
44 46
0 47
22 47
23 47
40 47
10 48
27 48
32 48
35 48
42 49
43 49
47 49
48 49
2 50
3 50
4 50
41 50
18 51
27 51
28 51
49 51
7 52
32 52
42 52
46 52
32 53
38 53
40 53
44 53
2 54
37 54
40 54
42 54
4 55
6 55
14 55
46 55
32 56
48 56
49 56
55 56
17 57
28 57
34 57
43 57
5 58
34 58
35 58
55 58
10 59
15 59
39 59
44 59
38 60
40 60
47 60
57 60
28 61
39 61
42 61
54 61
3 62
11 62
25 62
26 62
17 63
35 63
51 63
58 63
9 64
28 64
42 64
51 64
2 65
12 65
40 65
47 65
23 66
33 66
48 66
62 66
7 67
9 67
10 67
63 67
14 68
15 68
63 68
67 68
63 69
65 69
67 69
68 69
30 70
31 70
46 70
49 70
13 71
21 71
30 71
51 71
4 72
48 72
52 72
62 72
63 73
69 73
70 73
71 73
14 74
25 74
51 74
69 74
17 75
33 75
36 75
70 75
4 76
25 76
29 76
44 76
6 77
28 77
60 77
70 77
7 78
40 78
56 78
73 78
3 79
14 79
17 79
75 79
28 80
57 80
77 80
78 80
2 81
46 81
50 81
56 81
7 82
21 82
32 82
38 82
10 83
39 83
43 83
61 83
10 84
39 84
59 84
77 84
20 85
56 85
61 85
82 85
4 86
6 86
16 86
19 86
16 87
20 87
31 87
85 87
35 88
42 88
43 88
76 88
4 89
85 89
87 89
88 89
10 90
12 90
88 90
89 90
9 91
13 91
16 91
86 91
87 92
88 92
89 92
90 92
63 93
67 93
85 93
87 93
6 94
43 94
69 94
88 94
20 95
25 95
78 95
90 95
10 96
58 96
64 96
77 96
13 97
25 97
76 97
94 97
3 98
4 98
36 98
97 98
11 99
94 99
97 99
98 99
38 100
84 100
87 100
94 100
94 101
96 101
97 101
100 101
94 102
95 102
97 102
101 102
3 103
94 103
97 103
101 103
0 104
1 104
3 104
6 104
25 105
51 105
74 105
104 105
11 106
16 106
86 106
91 106
35 107
58 107
104 107
105 107
35 108
65 108
75 108
88 108
104 109
105 109
107 109
108 109
104 110
105 110
107 110
109 110
18 111
27 111
51 111
64 111
4 112
6 112
16 112
86 112
2 113
18 113
39 113
96 113
11 114
23 114
44 114
91 114
3 115
20 115
50 115
68 115
104 116
107 116
109 116
110 116
34 117
35 117
107 117
115 117
19 118
46 118
49 118
67 118
77 119
115 119
117 119
118 119
14 120
27 120
103 120
113 120
35 121
115 121
117 121
119 121
115 122
117 122
119 122
121 122
25 123
29 123
76 123
88 123
3 124
26 124
27 124
120 124
60 125
118 125
120 125
124 125
115 126
117 126
118 126
122 126
49 127
58 127
101 127
109 127
3 128
30 128
48 128
124 128
56 129
78 129
80 129
95 129
59 130
70 130
72 130
87 130
44 131
59 131
76 131
130 131
0 132
12 132
38 132
82 132
128 133
130 133
131 133
132 133
127 134
128 134
131 134
132 134
33 135
127 135
128 135
134 135
112 136
127 136
132 136
134 136
9 137
68 137
91 137
107 137
128 138
132 138
135 138
137 138
130 139
131 139
132 139
133 139
43 140
78 140
96 140
98 140
22 141
98 141
103 141
106 141
38 142
100 142
140 142
141 142
40 143
86 143
106 143
112 143
34 144
82 144
102 144
114 144
15 145
30 145
102 145
119 145
140 146
141 146
142 146
145 146
140 147
144 147
145 147
146 147
140 148
141 148
142 148
147 148
5 149
8 149
73 149
103 149
17 150
104 150
134 150
135 150
143 151
145 151
146 151
148 151
100 152
101 152
102 152
103 152
120 153
145 153
146 153
150 153
25 154
42 154
51 154
95 154
49 155
124 155
133 155
153 155
9 156
11 156
46 156
67 156
34 157
66 157
96 157
141 157
9 158
76 158
93 158
118 158
130 159
154 159
155 159
157 159
84 160
107 160
111 160
147 160
12 161
74 161
90 161
143 161
28 162
29 162
35 162
104 162
150 163
153 163
157 163
159 163
155 164
158 164
162 164
163 164
150 165
153 165
155 165
161 165
154 166
158 166
162 166
164 166
154 167
155 167
162 167
166 167
23 168
48 168
108 168
115 168
158 169
160 169
162 169
164 169
101 170
117 170
141 170
169 170
13 171
16 171
91 171
170 171
11 172
25 172
50 172
146 172
26 173
98 173
110 173
126 173
132 174
134 174
139 174
172 174
170 175
171 175
172 175
174 175
131 176
134 176
170 176
171 176
171 177
172 177
174 177
175 177
172 178
174 178
175 178
177 178
86 179
91 179
106 179
112 179
174 180
175 180
177 180
178 180
24 181
91 181
164 181
169 181
19 182
118 182
126 182
158 182
170 183
171 183
173 183
176 183
171 184
173 184
181 184
183 184
174 185
177 185
181 185
184 185
180 186
181 186
184 186
185 186
136 187
145 187
168 187
169 187
112 188
132 188
136 188
187 188
57 189
77 189
78 189
80 189
94 190
97 190
187 190
188 190
50 191
187 191
188 191
190 191
56 192
101 192
132 192
169 192
24 193
135 193
173 193
192 193
16 194
49 194
121 194
143 194
187 195
188 195
190 195
191 195
187 196
188 196
193 196
195 196
35 197
47 197
85 197
136 197
187 198
188 198
190 198
195 198
17 199
36 199
192 199
197 199
33 200
39 200
67 200
160 200
192 201
193 201
196 201
197 201
193 202
196 202
200 202
201 202
188 203
190 203
191 203
192 203
171 204
193 204
196 204
201 204
187 205
190 205
195 205
198 205
67 206
85 206
108 206
133 206
55 207
57 207
146 207
184 207
35 208
107 208
156 208
193 208
172 209
175 209
178 209
207 209
9 210
87 210
97 210
124 210
24 211
62 211
87 211
109 211
206 212
208 212
210 212
211 212
208 213
210 213
211 213
212 213
154 214
155 214
162 214
167 214
206 215
210 215
212 215
213 215
190 216
195 216
198 216
211 216
193 217
197 217
201 217
202 217
206 218
208 218
211 218
216 218
36 219
207 219
208 219
209 219
207 220
210 220
213 220
215 220
20 221
87 221
89 221
100 221
207 222
208 222
209 222
219 222
210 223
213 223
215 223
220 223
27 224
48 224
208 224
219 224
70 225
130 225
131 225
139 225
210 226
213 226
215 226
220 226
66 227
91 227
133 227
187 227
21 228
49 228
67 228
195 228
155 229
167 229
227 229
228 229
8 230
26 230
73 230
221 230
7 231
32 231
82 231
227 231
227 232
228 232
229 232
231 232
227 233
230 233
231 233
232 233
49 234
51 234
67 234
217 234
3 235
13 235
23 235
75 235
227 236
230 236
231 236
232 236
227 237
231 237
232 237
236 237
231 238
232 238
236 238
237 238
42 239
43 239
88 239
235 239
227 240
234 240
235 240
239 240
227 241
232 241
236 241
238 241
234 242
235 242
239 242
240 242
61 243
68 243
217 243
220 243
235 244
239 244
240 244
242 244
232 245
237 245
238 245
241 245
145 246
147 246
187 246
243 246
235 247
240 247
242 247
244 247
230 248
233 248
237 248
238 248
73 249
136 249
205 249
229 249
22 250
61 250
171 250
222 250
60 251
118 251
120 251
125 251
30 252
57 252
160 252
179 252
134 253
135 253
150 253
163 253
24 254
68 254
128 254
232 254
65 255
69 255
252 255
254 255
250 256
252 256
254 256
255 256
106 257
252 257
255 257
256 257
40 258
47 258
60 258
254 258
189 259
250 259
254 259
258 259
250 260
252 260
256 260
257 260
254 261
258 261
259 261
260 261
254 262
258 262
259 262
261 262
63 263
67 263
156 263
200 263
77 264
171 264
199 264
212 264
97 265
190 265
205 265
264 265
250 266
256 266
257 266
260 266
155 267
250 267
260 267
266 267
61 268
80 268
104 268
117 268
250 269
260 269
266 269
267 269
7 270
55 270
221 270
238 270
264 271
265 271
269 271
270 271
250 272
260 272
266 272
269 272
257 273
264 273
265 273
268 273
250 274
260 274
267 274
269 274
14 275
138 275
255 275
258 275
36 276
68 276
94 276
164 276
33 277
139 277
148 277
275 277
4 278
20 278
116 278
141 278
74 279
275 279
276 279
277 279
145 280
151 280
275 280
278 280
63 281
107 281
241 281
246 281
182 282
275 282
276 282
280 282
257 283
265 283
268 283
273 283
33 284
94 284
147 284
183 284
277 285
278 285
279 285
284 285
58 286
276 286
282 286
284 286
275 287
278 287
280 287
281 287
277 288
279 288
281 288
285 288
132 289
136 289
187 289
249 289
276 290
278 290
282 290
286 290
276 291
281 291
282 291
286 291
281 292
282 292
286 292
291 292
28 293
45 293
94 293
138 293
276 294
282 294
286 294
291 294
15 295
275 295
280 295
287 295
25 296
158 296
260 296
274 296
275 297
280 297
287 297
295 297
276 298
282 298
291 298
294 298
17 299
75 299
79 299
296 299
276 300
291 300
294 300
298 300
108 301
206 301
215 301
284 301
277 302
279 302
285 302
288 302
45 303
122 303
151 303
215 303
14 304
204 304
225 304
303 304
35 305
121 305
303 305
304 305
169 306
170 306
303 306
305 306
34 307
114 307
144 307
147 307
303 308
304 308
305 308
306 308
9 309
39 309
44 309
53 309
303 310
304 310
305 310
308 310
303 311
304 311
308 311
310 311
139 312
304 312
310 312
311 312
126 313
173 313
181 313
204 313
61 314
234 314
277 314
281 314
67 315
228 315
232 315
313 315
303 316
305 316
313 316
315 316
121 317
122 317
207 317
231 317
303 318
305 318
306 318
308 318
304 319
310 319
311 319
312 319
308 320
313 320
315 320
316 320
70 321
85 321
110 321
275 321
303 322
305 322
308 322
318 322
107 323
117 323
121 323
122 323
305 324
308 324
318 324
322 324
16 325
49 325
106 325
284 325
313 326
314 326
315 326
316 326
304 327
310 327
312 327
321 327
313 328
315 328
316 328
320 328
313 329
315 329
316 329
320 329
316 330
321 330
327 330
329 330
304 331
311 331
314 331
326 331
313 332
315 332
316 332
328 332
39 333
61 333
83 333
268 333
44 334
246 334
271 334
333 334
303 335
322 335
324 335
334 335
5 336
8 336
334 336
335 336
24 337
292 337
304 337
318 337
93 338
95 338
113 338
194 338
137 339
334 339
335 339
336 339
50 340
115 340
121 340
122 340
334 341
336 341
338 341
339 341
67 342
91 342
117 342
180 342
101 343
338 343
341 343
342 343
41 344
104 344
271 344
331 344
337 345
342 345
343 345
344 345
336 346
342 346
343 346
345 346
193 347
201 347
202 347
204 347
132 348
289 348
338 348
341 348
334 349
335 349
336 349
339 349
188 350
190 350
192 350
203 350
35 351
107 351
108 351
344 351
186 352
225 352
273 352
320 352
338 353
344 353
348 353
351 353
337 354
342 354
345 354
352 354
343 355
344 355
351 355
353 355
335 356
336 356
339 356
349 356
342 357
343 357
345 357
346 357
158 358
164 358
169 358
276 358
338 359
341 359
342 359
348 359
342 360
343 360
346 360
357 360
334 361
335 361
339 361
349 361
338 362
341 362
348 362
359 362
344 363
351 363
353 363
355 363
151 364
337 364
352 364
354 364
337 365
354 365
356 365
364 365
336 366
339 366
349 366
356 366
344 367
351 367
353 367
355 367
71 368
111 368
201 368
315 368
66 369
157 369
159 369
368 369
31 370
174 370
252 370
318 370
67 371
82 371
274 371
330 371
368 372
369 372
370 372
371 372
41 373
70 373
174 373
187 373
120 374
241 374
262 374
373 374
368 375
369 375
371 375
374 375
10 376
105 376
263 376
309 376
279 377
368 377
369 377
375 377
368 378
375 378
376 378
377 378
110 379
142 379
193 379
239 379
172 380
300 380
328 380
350 380
104 381
344 381
353 381
379 381
41 382
194 382
234 382
336 382
370 383
372 383
374 383
378 383
368 384
369 384
375 384
377 384
370 385
372 385
377 385
383 385
36 386
74 386
123 386
136 386
371 387
373 387
376 387
378 387
368 388
369 388
375 388
386 388
215 389
374 389
379 389
381 389
374 390
379 390
381 390
389 390
304 391
310 391
327 391
382 391
359 392
380 392
382 392
391 392
371 393
373 393
381 393
390 393
368 394
384 394
386 394
388 394
58 395
183 395
194 395
352 395
100 396
374 396
380 396
392 396
370 397
372 397
374 397
383 397
376 398
378 398
382 398
391 398
117 399
119 399
122 399
145 399
156 400
200 400
263 400
376 400
13 401
31 401
70 401
87 401
30 402
70 402
145 402
252 402
17 403
22 403
29 403
76 403
120 404
146 404
153 404
155 404
313 405
315 405
316 405
328 405
55 406
146 406
184 406
207 406
100 407
101 407
103 407
152 407
100 408
101 408
152 408
343 408
193 409
201 409
217 409
347 409
14 410
17 410
75 410
79 410
2 411
3 411
5 411
9 411
20 412
87 412
100 412
221 412
235 413
240 413
244 413
247 413
378 414
382 414
391 414
398 414
370 415
377 415
383 415
385 415
12 416
14 416
41 416
43 416
12 417
74 417
143 417
161 417
344 418
351 418
355 418
363 418
201 419
202 419
347 419
368 419
134 420
174 420
177 420
370 420
210 421
215 421
220 421
226 421
373 422
381 422
390 422
393 422
16 423
20 423
28 423
112 423
177 424
181 424
184 424
185 424
371 425
376 425
378 425
387 425
132 426
133 426
139 426
227 426
138 427
255 427
275 427
295 427
134 428
136 428
150 428
420 428
4 429
88 429
89 429
92 429
344 430
351 430
353 430
367 430
157 431
159 431
369 431
372 431
18 432
27 432
51 432
154 432
30 433
102 433
119 433
145 433
115 434
118 434
119 434
121 434
211 435
213 435
215 435
226 435
12 436
41 436
43 436
416 436
278 437
284 437
285 437
302 437
58 438
101 438
127 438
136 438
375 439
377 439
378 439
385 439
380 440
382 440
391 440
392 440
341 441
348 441
353 441
362 441
10 442
34 442
58 442
307 442
14 443
275 443
279 443
287 443
212 444
213 444
220 444
435 444
303 445
305 445
306 445
308 445
7 446
9 446
63 446
67 446
338 447
341 447
343 447
441 447
100 448
140 448
142 448
148 448
57 449
77 449
78 449
189 449
338 450
348 450
359 450
392 450
162 451
164 451
169 451
276 451
44 452
59 452
131 452
139 452
134 453
150 453
420 453
428 453
22 454
23 454
32 454
82 454
91 455
133 455
227 455
236 455
232 456
237 456
245 456
315 456
282 457
284 457
286 457
290 457
338 458
348 458
392 458
450 458
264 459
268 459
273 459
352 459
89 460
221 460
230 460
270 460
17 461
22 461
29 461
403 461
336 462
349 462
356 462
366 462
100 463
142 463
148 463
448 463
380 464
382 464
391 464
440 464
21 465
24 465
26 465
254 465
157 466
369 466
372 466
431 466
4 467
48 467
72 467
130 467
35 468
63 468
67 468
93 468
109 469
110 469
173 469
379 469
39 470
160 470
200 470
400 470
143 471
161 471
165 471
417 471
344 472
345 472
354 472
357 472
9 473
11 473
12 473
417 473
341 474
359 474
362 474
441 474
17 475
76 475
403 475
461 475
276 476
291 476
294 476
300 476
207 477
208 477
219 477
224 477
343 478
345 478
346 478
357 478
162 479
169 479
276 479
451 479
171 480
173 480
184 480
185 480
276 481
291 481
294 481
476 481
10 482
39 482
59 482
84 482
11 483
22 483
36 483
403 483
144 484
147 484
160 484
284 484
276 485
291 485
476 485
481 485
15 486
63 486
67 486
68 486
193 487
196 487
204 487
313 487
28 488
61 488
77 488
423 488
22 489
36 489
403 489
483 489
83 490
268 490
333 490
334 490
379 491
381 491
389 491
390 491
313 492
315 492
316 492
320 492
188 493
190 493
203 493
350 493
110 494
379 494
381 494
390 494
171 495
212 495
264 495
271 495
104 496
107 496
109 496
127 496
292 497
318 497
337 497
354 497
145 498
187 498
246 498
334 498
32 499
40 499
53 499
309 499
313 500
315 500
316 500
492 500
127 501
136 501
187 501
249 501
12 502
14 502
41 502
416 502
39 503
160 503
400 503
470 503
348 504
359 504
362 504
474 504
14 505
15 505
68 505
486 505
7 506
10 506
376 506
442 506
35 507
63 507
67 507
468 507
195 508
211 508
216 508
218 508
127 509
136 509
187 509
501 509
312 510
327 510
330 510
391 510
228 511
232 511
245 511
456 511
252 512
370 512
385 512
397 512
39 513
268 513
333 513
334 513
188 514
191 514
195 514
205 514
207 515
208 515
219 515
222 515
115 516
117 516
126 516
313 516
378 517
391 517
398 517
414 517
370 518
385 518
420 518
512 518
51 519
154 519
159 519
166 519
110 520
275 520
321 520
330 520
351 521
353 521
367 521
430 521
96 522
157 522
369 522
466 522
25 523
29 523
123 523
386 523
232 524
241 524
245 524
456 524
38 525
47 525
60 525
125 525
98 526
173 526
193 526
469 526
66 527
369 527
384 527
466 527
2 528
6 528
55 528
104 528
313 529
315 529
492 529
500 529
349 530
361 530
366 530
462 530
157 531
369 531
431 531
522 531
107 532
208 532
218 532
515 532
193 533
201 533
204 533
347 533
257 534
264 534
273 534
459 534
349 535
366 535
462 535
530 535
162 536
164 536
451 536
479 536
303 537
304 537
311 537
319 537
383 538
385 538
415 538
518 538
47 539
49 539
197 539
258 539
107 540
121 540
122 540
323 540
275 541
278 541
280 541
287 541
210 542
213 542
215 542
223 542
207 543
208 543
222 543
515 543
36 544
40 544
46 544
55 544
31 545
70 545
87 545
401 545
138 546
275 546
295 546
427 546
190 547
191 547
203 547
350 547
14 548
15 548
68 548
505 548
286 549
291 549
292 549
497 549
275 550
321 550
330 550
520 550
63 551
68 551
254 551
276 551
4 552
50 552
172 552
191 552
112 553
143 553
161 553
471 553
28 554
77 554
119 554
449 554
257 555
264 555
273 555
534 555
38 556
47 556
125 556
525 556
39 557
333 557
334 557
513 557
269 558
274 558
296 558
371 558
29 559
76 559
123 559
523 559
276 560
286 560
292 560
457 560
28 561
77 561
189 561
449 561
306 562
308 562
318 562
324 562
30 563
160 563
179 563
252 563
344 564
351 564
353 564
367 564
5 565
335 565
336 565
339 565
200 566
376 566
400 566
503 566
313 567
314 567
326 567
331 567
268 568
352 568
459 568
534 568
7 569
376 569
442 569
506 569
14 570
275 570
287 570
443 570
85 571
110 571
321 571
520 571
177 572
370 572
420 572
428 572
316 573
326 573
329 573
500 573
155 574
161 574
165 574
471 574
377 575
378 575
385 575
415 575
338 576
359 576
450 576
458 576
278 577
280 577
282 577
287 577
206 578
212 578
215 578
421 578
338 579
392 579
450 579
576 579
162 580
164 580
169 580
451 580
0 581
1 581
5 581
411 581
155 582
163 582
164 582
276 582
276 583
291 583
294 583
300 583
271 584
344 584
355 584
564 584
2 585
18 585
113 585
338 585
136 586
187 586
196 586
227 586
380 587
382 587
391 587
464 587
175 588
177 588
178 588
424 588
3 589
13 589
235 589
244 589
38 590
60 590
125 590
258 590
147 591
160 591
284 591
484 591
58 592
194 592
352 592
395 592
188 593
190 593
195 593
198 593
171 594
212 594
264 594
273 594
2 595
4 595
50 595
340 595
265 596
271 596
334 596
584 596
338 597
392 597
450 597
458 597
188 598
190 598
195 598
593 598
169 599
170 599
192 599
580 599
169 600
187 600
227 600
289 600
222 601
250 601
256 601
267 601
96 602
157 602
369 602
522 602
100 603
102 603
152 603
407 603
135 604
150 604
163 604
253 604
201 605
202 605
217 605
409 605
115 606
118 606
121 606
434 606
22 607
141 607
142 607
148 607
282 608
292 608
337 608
560 608
382 609
391 609
414 609
517 609
143 610
194 610
417 610
471 610
115 611
122 611
126 611
303 611
374 612
379 612
390 612
422 612
121 613
122 613
323 613
540 613
6 614
55 614
104 614
528 614
254 615
258 615
259 615
261 615
80 616
189 616
449 616
561 616
215 617
220 617
243 617
421 617
122 618
323 618
540 618
613 618
12 619
41 619
416 619
436 619
150 620
420 620
428 620
453 620
77 621
119 621
145 621
434 621
102 622
119 622
145 622
433 622
77 623
189 623
449 623
561 623
28 624
77 624
561 624
616 624
147 625
148 625
277 625
448 625
195 626
211 626
216 626
218 626
7 627
442 627
506 627
569 627
389 628
390 628
422 628
612 628
268 629
333 629
334 629
490 629
368 630
377 630
384 630
394 630
104 631
107 631
208 631
323 631
110 632
173 632
469 632
526 632
195 633
196 633
514 633
626 633
28 634
77 634
616 634
624 634
18 635
51 635
154 635
432 635
197 636
202 636
217 636
243 636
43 637
416 637
436 637
502 637
18 638
64 638
111 638
368 638
377 639
384 639
394 639
630 639
25 640
95 640
129 640
338 640
38 641
132 641
139 641
192 641
14 642
275 642
282 642
321 642
32 643
227 643
231 643
238 643
20 644
100 644
221 644
230 644
238 645
241 645
245 645
524 645
142 646
148 646
448 646
463 646
169 647
181 647
184 647
424 647
337 648
356 648
364 648
365 648
379 649
381 649
390 649
494 649
274 650
371 650
375 650
558 650
150 651
420 651
453 651
620 651
178 652
207 652
209 652
219 652
26 653
124 653
125 653
155 653
257 654
265 654
273 654
283 654
336 655
349 655
366 655
530 655
107 656
281 656
287 656
292 656
40 657
143 657
417 657
553 657
172 658
174 658
177 658
420 658
47 659
60 659
525 659
556 659
78 660
80 660
189 660
623 660
188 661
195 661
198 661
216 661
17 662
192 662
197 662
199 662
110 663
390 663
494 663
649 663
344 664
345 664
353 664
355 664
139 665
174 665
178 665
373 665
139 666
174 666
373 666
665 666
115 667
126 667
303 667
611 667
11 668
94 668
97 668
99 668
30 669
102 669
433 669
622 669
121 670
122 670
231 670
317 670
193 671
201 671
204 671
533 671
382 672
414 672
517 672
609 672
335 673
339 673
356 673
648 673
215 674
220 674
243 674
617 674
352 675
459 675
534 675
568 675
97 676
190 676
350 676
547 676
254 677
258 677
261 677
262 677
338 678
392 678
458 678
597 678
113 679
194 679
338 679
450 679
117 680
119 680
145 680
399 680
392 681
450 681
458 681
597 681
265 682
271 682
584 682
596 682
368 683
377 683
378 683
398 683
190 684
350 684
547 684
676 684
77 685
616 685
624 685
634 685
94 686
100 686
221 686
463 686
60 687
525 687
556 687
659 687
142 688
148 688
463 688
646 688
175 689
178 689
180 689
665 689
120 690
153 690
251 690
374 690
313 691
320 691
492 691
529 691
195 692
211 692
216 692
626 692
143 693
161 693
471 693
553 693
7 694
82 694
144 694
454 694
169 695
181 695
185 695
647 695
5 696
73 696
103 696
149 696
359 697
450 697
458 697
576 697
353 698
367 698
381 698
564 698
170 699
192 699
580 699
599 699
63 700
67 700
468 700
507 700
208 701
210 701
213 701
435 701
32 702
48 702
56 702
85 702
195 703
198 703
593 703
598 703
210 704
213 704
223 704
542 704
57 705
60 705
251 705
590 705
193 706
201 706
533 706
671 706
63 707
67 707
468 707
507 707
57 708
77 708
189 708
561 708
313 709
320 709
492 709
691 709
175 710
177 710
424 710
588 710
212 711
220 711
435 711
444 711
0 712
104 712
132 712
581 712
110 713
173 713
469 713
632 713
2 714
40 714
42 714
54 714
77 715
119 715
145 715
621 715
207 716
208 716
224 716
477 716
67 717
68 717
276 717
551 717
344 718
564 718
584 718
682 718
348 719
359 719
474 719
504 719
268 720
333 720
490 720
629 720
91 721
106 721
179 721
325 721
336 722
366 722
530 722
655 722
188 723
195 723
216 723
661 723
315 724
320 724
328 724
405 724
66 725
157 725
159 725
466 725
58 726
101 726
127 726
438 726
201 727
347 727
368 727
419 727
257 728
459 728
534 728
568 728
39 729
333 729
513 729
557 729
57 730
189 730
561 730
708 730
381 731
390 731
491 731
649 731
20 732
87 732
100 732
412 732
146 733
184 733
207 733
406 733
22 734
403 734
483 734
489 734
130 735
131 735
139 735
225 735
190 736
547 736
676 736
684 736
148 737
463 737
646 737
688 737
287 738
295 738
297 738
546 738
28 739
423 739
624 739
634 739
115 740
118 740
121 740
606 740
61 741
83 741
333 741
490 741
450 742
576 742
579 742
681 742
35 743
162 743
164 743
169 743
62 744
66 744
227 744
369 744
338 745
353 745
430 745
521 745
77 746
449 746
561 746
623 746
220 747
435 747
444 747
711 747
277 748
279 748
285 748
437 748
1 749
8 749
21 749
149 749
115 750
126 750
303 750
667 750
275 751
321 751
520 751
550 751
232 752
245 752
524 752
645 752
78 753
80 753
268 753
660 753
25 754
76 754
123 754
559 754
268 755
273 755
283 755
654 755
25 756
76 756
123 756
754 756
162 757
451 757
580 757
699 757
44 758
131 758
139 758
452 758
9 759
67 759
91 759
156 759
17 760
75 760
79 760
299 760
134 761
171 761
176 761
183 761
338 762
341 762
441 762
447 762
313 763
320 763
691 763
709 763
39 764
200 764
470 764
503 764
344 765
354 765
357 765
472 765
132 766
133 766
139 766
426 766
9 767
63 767
67 767
446 767
148 768
277 768
448 768
625 768
2 769
4 769
50 769
595 769
5 770
58 770
411 770
581 770
336 771
339 771
341 771
762 771
2 772
40 772
42 772
714 772
13 773
20 773
25 773
31 773
48 774
128 774
138 774
254 774
18 775
21 775
24 775
39 775
115 776
118 776
121 776
606 776
12 777
41 777
436 777
619 777
339 778
356 778
462 778
673 778
173 779
469 779
632 779
713 779
105 780
107 780
109 780
469 780
109 781
110 781
116 781
278 781
32 782
56 782
85 782
702 782
276 783
294 783
476 783
481 783
276 784
286 784
292 784
549 784
188 785
190 785
598 785
703 785
14 786
15 786
68 786
505 786
171 787
175 787
588 787
710 787
343 788
441 788
447 788
762 788
171 789
175 789
710 789
787 789
359 790
441 790
474 790
504 790
124 791
155 791
229 791
267 791
67 792
68 792
551 792
717 792
28 793
61 793
423 793
488 793
136 794
249 794
289 794
348 794
51 795
111 795
160 795
368 795
420 796
428 796
453 796
620 796
204 797
533 797
671 797
706 797
336 798
366 798
655 798
722 798
24 799
211 799
212 799
508 799
108 800
206 800
215 800
301 800
201 801
202 801
217 801
636 801
313 802
315 802
328 802
405 802
139 803
310 803
311 803
312 803
6 804
55 804
56 804
544 804
275 805
295 805
546 805
738 805
28 806
94 806
138 806
293 806
377 807
378 807
415 807
575 807
104 808
379 808
381 808
698 808
194 809
417 809
471 809
610 809
6 810
55 810
104 810
528 810
110 811
632 811
713 811
779 811
277 812
279 812
443 812
748 812
47 813
60 813
525 813
556 813
392 814
450 814
597 814
681 814
169 815
187 815
227 815
600 815
36 816
46 816
75 816
544 816
13 817
20 817
25 817
171 817
0 818
35 818
108 818
162 818
208 819
210 819
213 819
701 819
306 820
308 820
318 820
562 820
171 821
710 821
787 821
789 821
372 822
385 822
439 822
518 822
89 823
230 823
270 823
460 823
140 824
147 824
160 824
284 824
95 825
102 825
129 825
640 825
193 826
196 826
204 826
487 826
147 827
160 827
484 827
591 827
22 828
36 828
403 828
489 828
9 829
67 829
156 829
759 829
201 830
368 830
377 830
638 830
375 831
384 831
394 831
639 831
227 832
231 832
233 832
248 832
77 833
624 833
634 833
685 833
328 834
405 834
724 834
802 834
14 835
63 835
68 835
717 835
187 836
190 836
198 836
205 836
157 837
369 837
431 837
531 837
58 838
183 838
395 838
592 838
378 839
391 839
398 839
517 839
61 840
333 840
490 840
741 840
257 841
264 841
273 841
555 841
115 842
121 842
606 842
740 842
114 843
144 843
147 843
484 843
49 844
197 844
258 844
539 844
308 845
318 845
562 845
820 845
9 846
12 846
417 846
473 846
366 847
462 847
530 847
722 847
366 848
462 848
530 848
847 848
171 849
264 849
273 849
594 849
119 850
145 850
399 850
621 850
9 851
63 851
67 851
767 851
187 852
289 852
600 852
815 852
343 853
346 853
357 853
360 853
169 854
227 854
815 854
852 854
391 855
440 855
609 855
839 855
204 856
347 856
533 856
706 856
276 857
282 857
286 857
560 857
2 858
55 858
528 858
810 858
109 859
110 859
278 859
781 859
146 860
184 860
406 860
733 860
39 861
200 861
470 861
764 861
123 862
386 862
394 862
523 862
392 863
458 863
597 863
678 863
155 864
267 864
269 864
601 864
356 865
366 865
655 865
848 865
275 866
281 866
287 866
443 866
57 867
561 867
708 867
730 867
111 868
368 868
369 868
727 868
291 869
476 869
481 869
485 869
174 870
178 870
665 870
689 870
65 871
108 871
109 871
168 871
366 872
462 872
722 872
847 872
48 873
49 873
51 873
844 873
213 874
215 874
223 874
542 874
184 875
207 875
406 875
733 875
49 876
106 876
284 876
325 876
47 877
60 877
258 877
556 877
359 878
362 878
474 878
504 878
351 879
430 879
521 879
745 879
369 880
377 880
384 880
531 880
55 881
270 881
271 881
460 881
131 882
139 882
225 882
304 882
201 883
377 883
638 883
830 883
310 884
382 884
391 884
609 884
171 885
204 885
304 885
347 885
315 886
316 886
329 886
573 886
27 887
51 887
63 887
519 887
348 888
474 888
504 888
719 888
171 889
588 889
710 889
787 889
343 890
344 890
355 890
367 890
100 891
374 891
392 891
396 891
353 892
564 892
584 892
698 892
227 893
232 893
241 893
524 893
242 894
244 894
413 894
589 894
22 895
403 895
489 895
828 895
158 896
274 896
296 896
299 896
131 897
134 897
176 897
183 897
353 898
430 898
745 898
879 898
67 899
68 899
717 899
792 899
476 900
481 900
485 900
869 900
9 901
28 901
77 901
624 901
232 902
245 902
524 902
752 902
35 903
115 903
117 903
516 903
254 904
261 904
262 904
677 904
98 905
173 905
469 905
526 905
382 906
391 906
609 906
884 906
20 907
95 907
154 907
640 907
63 908
446 908
767 908
851 908
9 909
51 909
64 909
96 909
210 910
223 910
542 910
704 910
122 911
126 911
303 911
540 911
20 912
115 912
434 912
667 912
9 913
107 913
137 913
339 913
9 914
11 914
417 914
473 914
321 915
520 915
550 915
751 915
392 916
458 916
681 916
891 916
343 917
345 917
346 917
478 917
17 918
76 918
403 918
475 918
11 919
26 919
27 919
51 919
263 920
376 920
400 920
425 920
4 921
86 921
106 921
179 921
155 922
227 922
228 922
229 922
147 923
160 923
284 923
591 923
120 924
125 924
251 924
690 924
154 925
166 925
167 925
519 925
382 926
391 926
609 926
855 926
120 927
153 927
374 927
690 927
275 928
281 928
287 928
866 928
306 929
308 929
322 929
324 929
231 930
233 930
248 930
832 930
206 931
212 931
215 931
800 931
321 932
520 932
751 932
915 932
62 933
66 933
227 933
744 933
710 934
789 934
821 934
889 934
0 935
14 935
35 935
47 935
43 936
436 936
637 936
777 936
193 937
217 937
409 937
605 937
3 938
4 938
17 938
37 938
286 939
292 939
560 939
857 939
10 940
59 940
131 940
452 940
310 941
311 941
312 941
391 941
29 942
123 942
559 942
754 942
161 943
553 943
574 943
693 943
164 944
276 944
485 944
783 944
348 945
441 945
474 945
762 945
195 946
598 946
703 946
785 946
338 947
359 947
597 947
640 947
107 948
208 948
532 948
540 948
67 949
156 949
208 949
829 949
220 950
226 950
421 950
578 950
341 951
348 951
359 951
362 951
155 952
163 952
276 952
582 952
380 953
382 953
440 953
855 953
104 954
109 954
859 954
871 954
82 955
85 955
197 955
571 955
143 956
161 956
417 956
657 956
178 957
424 957
588 957
889 957
348 958
359 958
362 958
951 958
490 959
629 959
720 959
741 959
127 960
131 960
134 960
176 960
343 961
346 961
360 961
853 961
343 962
346 962
917 962
961 962
160 963
484 963
591 963
827 963
126 964
158 964
182 964
282 964
279 965
285 965
302 965
437 965
123 966
136 966
386 966
388 966
22 967
250 967
403 967
895 967
383 968
415 968
518 968
538 968
6 969
86 969
112 969
179 969
232 970
645 970
752 970
902 970
189 971
561 971
708 971
867 971
49 972
106 972
284 972
876 972
32 973
53 973
309 973
499 973
318 974
562 974
820 974
845 974
303 975
304 975
311 975
537 975
258 976
275 976
427 976
443 976
11 977
26 977
27 977
919 977
161 978
165 978
471 978
574 978
384 979
394 979
639 979
831 979
12 980
417 980
473 980
846 980
321 981
520 981
550 981
915 981
195 982
216 982
661 982
723 982
219 983
224 983
477 983
716 983
561 984
708 984
730 984
867 984
23 985
48 985
115 985
168 985
12 986
473 986
846 986
980 986
328 987
405 987
802 987
834 987
79 988
296 988
299 988
760 988
420 989
428 989
620 989
796 989
195 990
211 990
626 990
692 990
342 991
343 991
478 991
890 991
138 992
275 992
321 992
928 992
362 993
441 993
447 993
945 993
80 994
268 994
660 994
753 994
171 995
212 995
273 995
594 995
370 996
385 996
415 996
822 996
139 997
178 997
373 997
665 997
275 998
280 998
282 998
457 998
193 999
347 999
409 999
487 999
