1000 3985
0 2
0 4
1 4
2 4
3 4
0 5
1 5
2 5
3 5
0 6
1 6
2 6
4 6
0 7
2 7
5 7
6 7
1 8
2 8
5 8
6 8
2 9
5 9
7 9
8 9
2 10
7 10
8 10
9 10
1 11
3 11
7 11
9 11
1 12
9 12
10 12
11 12
2 13
3 13
9 13
12 13
0 14
7 14
10 14
11 14
3 15
5 15
9 15
14 15
7 16
8 16
9 16
13 16
3 17
5 17
11 17
14 17
5 18
8 18
10 18
17 18
4 19
6 19
15 19
16 19
2 20
3 20
13 20
16 20
6 21
8 21
17 21
18 21
8 22
11 22
17 22
20 22
8 23
18 23
21 23
22 23
2 24
13 24
18 24
21 24
8 25
13 25
15 25
18 25
3 26
11 26
24 26
25 26
11 27
15 27
23 27
26 27
7 28
9 28
11 28
16 28
13 29
16 29
17 29
22 29
0 30
3 30
23 30
25 30
2 31
13 31
20 31
25 31
20 32
22 32
23 32
30 32
4 33
17 33
18 33
19 33
2 34
10 34
18 34
22 34
0 35
6 35
33 35
34 35
11 36
17 36
22 36
33 36
2 37
3 37
8 37
14 37
3 38
5 38
21 38
32 38
1 39
10 39
15 39
18 39
22 40
32 40
38 40
39 40
4 41
12 41
14 41
21 41
14 42
28 42
37 42
39 42
10 43
39 43
41 43
42 43
9 44
29 44
39 44
40 44
1 45
10 45
19 45
27 45
9 46
36 46
40 46
44 46
0 47
22 47
23 47
40 47
10 48
27 48
32 48
35 48
42 49
43 49
47 49
48 49
2 50
3 50
4 50
41 50
18 51
27 51
28 51
49 51
7 52
32 52
42 52
46 52
32 53
38 53
40 53
44 53
2 54
37 54
40 54
42 54
4 55
6 55
14 55
46 55
32 56
48 56
49 56
55 56
17 57
28 57
34 57
43 57
5 58
34 58
35 58
55 58
10 59
15 59
39 59
44 59
38 60
40 60
47 60
57 60
28 61
39 61
42 61
54 61
3 62
11 62
25 62
26 62
17 63
35 63
51 63
58 63
9 64
28 64
42 64
51 64
2 65
12 65
40 65
47 65
23 66
33 66
48 66
62 66
7 67
9 67
10 67
63 67
14 68
15 68
63 68
67 68
63 69
65 69
67 69
68 69
30 70
31 70
46 70
49 70
13 71
21 71
30 71
51 71
4 72
48 72
52 72
62 72
63 73
69 73
70 73
71 73
14 74
25 74
51 74
69 74
17 75
33 75
36 75
70 75
4 76
25 76
29 76
44 76
6 77
28 77
60 77
70 77
7 78
40 78
56 78
73 78
3 79
14 79
17 79
75 79
28 80
57 80
77 80
78 80
2 81
46 81
50 81
56 81
7 82
21 82
32 82
38 82
10 83
39 83
43 83
61 83
10 84
39 84
59 84
77 84
20 85
56 85
61 85
82 85
4 86
6 86
16 86
19 86
16 87
20 87
31 87
85 87
35 88
42 88
43 88
76 88
4 89
85 89
87 89
88 89
10 90
12 90
88 90
89 90
9 91
13 91
16 91
86 91
87 92
88 92
89 92
90 92
63 93
67 93
85 93
87 93
6 94
43 94
69 94
88 94
20 95
25 95
78 95
90 95
10 96
58 96
64 96
77 96
13 97
25 97
76 97
94 97
3 98
4 98
36 98
97 98
11 99
94 99
97 99
98 99
38 100
84 100
87 100
94 100
94 101
96 101
97 101
100 101
94 102
95 102
97 102
101 102
3 103
94 103
97 103
101 103
0 104
1 104
3 104
6 104
25 105
51 105
74 105
104 105
11 106
16 106
86 106
91 106
35 107
58 107
104 107
105 107
35 108
65 108
75 108
88 108
104 109
105 109
107 109
108 109
104 110
105 110
107 110
109 110
18 111
27 111
51 111
64 111
4 112
6 112
16 112
86 112
2 113
18 113
39 113
96 113
11 114
23 114
44 114
91 114
3 115
20 115
50 115
68 115
104 116
107 116
109 116
110 116
34 117
35 117
107 117
115 117
19 118
46 118
49 118
67 118
77 119
115 119
117 119
118 119
14 120
27 120
103 120
113 120
35 121
115 121
117 121
119 121
115 122
117 122
119 122
121 122
25 123
29 123
76 123
88 123
3 124
26 124
27 124
120 124
60 125
118 125
120 125
124 125
115 126
117 126
118 126
122 126
49 127
58 127
101 127
109 127
3 128
30 128
48 128
124 128
56 129
78 129
80 129
95 129
59 130
70 130
72 130
87 130
44 131
59 131
76 131
130 131
0 132
12 132
38 132
82 132
128 133
130 133
131 133
132 133
127 134
128 134
131 134
132 134
33 135
127 135
128 135
134 135
112 136
127 136
132 136
134 136
9 137
68 137
91 137
107 137
128 138
132 138
135 138
137 138
130 139
131 139
132 139
133 139
43 140
78 140
96 140
98 140
22 141
98 141
103 141
106 141
38 142
100 142
140 142
141 142
40 143
86 143
106 143
112 143
34 144
82 144
102 144
114 144
15 145
30 145
102 145
119 145
140 146
141 146
142 146
145 146
140 147
144 147
145 147
146 147
140 148
141 148
142 148
147 148
5 149
8 149
73 149
103 149
17 150
104 150
134 150
135 150
143 151
145 151
146 151
148 151
100 152
101 152
102 152
103 152
120 153
145 153
146 153
150 153
25 154
42 154
51 154
95 154
49 155
124 155
133 155
153 155
9 156
11 156
46 156
67 156
34 157
66 157
96 157
141 157
9 158
76 158
93 158
118 158
130 159
154 159
155 159
157 159
84 160
107 160
111 160
147 160
12 161
74 161
90 161
143 161
28 162
29 162
35 162
104 162
150 163
153 163
157 163
159 163
155 164
158 164
162 164
163 164
150 165
153 165
155 165
161 165
154 166
158 166
162 166
164 166
154 167
155 167
162 167
166 167
23 168
48 168
108 168
115 168
158 169
160 169
162 169
164 169
101 170
117 170
141 170
169 170
13 171
16 171
91 171
170 171
11 172
25 172
50 172
146 172
26 173
98 173
110 173
126 173
132 174
134 174
139 174
172 174
170 175
171 175
172 175
174 175
131 176
134 176
170 176
171 176
171 177
172 177
174 177
175 177
172 178
174 178
175 178
177 178
86 179
91 179
106 179
112 179
174 180
175 180
177 180
178 180
24 181
91 181
164 181
169 181
19 182
118 182
126 182
158 182
170 183
171 183
173 183
176 183
171 184
173 184
181 184
183 184
174 185
177 185
181 185
184 185
180 186
181 186
184 186
185 186
136 187
145 187
168 187
169 187
112 188
132 188
136 188
187 188
57 189
77 189
78 189
80 189
94 190
97 190
187 190
188 190
50 191
187 191
188 191
190 191
56 192
101 192
132 192
169 192
24 193
135 193
173 193
192 193
16 194
49 194
121 194
143 194
187 195
188 195
190 195
191 195
187 196
188 196
193 196
195 196
35 197
47 197
85 197
136 197
187 198
188 198
190 198
195 198
17 199
36 199
192 199
197 199
33 200
39 200
67 200
160 200
192 201
193 201
196 201
197 201
193 202
196 202
200 202
201 202
188 203
190 203
191 203
192 203
171 204
193 204
196 204
201 204
187 205
190 205
195 205
198 205
67 206
85 206
108 206
133 206
55 207
57 207
146 207
184 207
35 208
107 208
156 208
193 208
172 209
175 209
178 209
207 209
9 210
87 210
97 210
124 210
24 211
62 211
87 211
109 211
206 212
208 212
210 212
211 212
208 213
210 213
211 213
212 213
154 214
155 214
162 214
167 214
206 215
210 215
212 215
213 215
190 216
195 216
198 216
211 216
193 217
197 217
201 217
202 217
206 218
208 218
211 218
216 218
36 219
207 219
208 219
209 219
207 220
210 220
213 220
215 220
20 221
87 221
89 221
100 221
207 222
208 222
209 222
219 222
210 223
213 223
215 223
220 223
27 224
48 224
208 224
219 224
70 225
130 225
131 225
139 225
210 226
213 226
215 226
220 226
66 227
91 227
133 227
187 227
21 228
49 228
67 228
195 228
155 229
167 229
227 229
228 229
8 230
26 230
73 230
221 230
7 231
32 231
82 231
227 231
227 232
228 232
229 232
231 232
227 233
230 233
231 233
232 233
49 234
51 234
67 234
217 234
3 235
13 235
23 235
75 235
227 236
230 236
231 236
232 236
227 237
231 237
232 237
236 237
231 238
232 238
236 238
237 238
42 239
43 239
88 239
235 239
227 240
234 240
235 240
239 240
227 241
232 241
236 241
238 241
234 242
235 242
239 242
240 242
61 243
68 243
217 243
220 243
235 244
239 244
240 244
242 244
232 245
237 245
238 245
241 245
145 246
147 246
187 246
243 246
235 247
240 247
242 247
244 247
230 248
233 248
237 248
238 248
73 249
136 249
205 249
229 249
22 250
61 250
171 250
222 250
60 251
118 251
120 251
125 251
30 252
57 252
160 252
179 252
134 253
135 253
150 253
163 253
24 254
68 254
128 254
232 254
65 255
69 255
252 255
254 255
250 256
252 256
254 256
255 256
106 257
252 257
255 257
256 257
40 258
47 258
60 258
254 258
189 259
250 259
254 259
258 259
250 260
252 260
256 260
257 260
254 261
258 261
259 261
260 261
254 262
258 262
259 262
261 262
63 263
67 263
156 263
200 263
77 264
171 264
199 264
212 264
97 265
190 265
205 265
264 265
250 266
256 266
257 266
260 266
155 267
250 267
260 267
266 267
61 268
80 268
104 268
117 268
250 269
260 269
266 269
267 269
7 270
55 270
221 270
238 270
264 271
265 271
269 271
270 271
250 272
260 272
266 272
269 272
257 273
264 273
265 273
268 273
250 274
260 274
267 274
269 274
14 275
138 275
255 275
258 275
36 276
68 276
94 276
164 276
33 277
139 277
148 277
275 277
4 278
20 278
116 278
141 278
74 279
275 279
276 279
277 279
145 280
151 280
275 280
278 280
63 281
107 281
241 281
246 281
182 282
275 282
276 282
280 282
257 283
265 283
268 283
273 283
33 284
94 284
147 284
183 284
277 285
278 285
279 285
284 285
58 286
276 286
282 286
284 286
275 287
278 287
280 287
281 287
277 288
279 288
281 288
285 288
132 289
136 289
187 289
249 289
276 290
278 290
282 290
286 290
276 291
281 291
282 291
286 291
281 292
282 292
286 292
291 292
28 293
45 293
94 293
138 293
276 294
282 294
286 294
291 294
15 295
275 295
280 295
287 295
25 296
158 296
260 296
274 296
275 297
280 297
287 297
295 297
276 298
282 298
291 298
294 298
17 299
75 299
79 299
296 299
276 300
291 300
294 300
298 300
108 301
206 301
215 301
284 301
277 302
279 302
285 302
288 302
45 303
122 303
151 303
215 303
14 304
204 304
225 304
303 304
35 305
121 305
303 305
304 305
169 306
170 306
303 306
305 306
34 307
114 307
144 307
147 307
303 308
304 308
305 308
306 308
9 309
39 309
44 309
53 309
303 310
304 310
305 310
308 310
303 311
304 311
308 311
310 311
139 312
304 312
310 312
311 312
126 313
173 313
181 313
204 313
61 314
234 314
277 314
281 314
67 315
228 315
232 315
313 315
303 316
305 316
313 316
315 316
121 317
122 317
207 317
231 317
303 318
305 318
306 318
308 318
304 319
310 319
311 319
312 319
308 320
313 320
315 320
316 320
70 321
85 321
110 321
275 321
303 322
305 322
308 322
318 322
107 323
117 323
121 323
122 323
305 324
308 324
318 324
322 324
16 325
49 325
106 325
284 325
313 326
314 326
315 326
316 326
304 327
310 327
312 327
321 327
313 328
315 328
316 328
320 328
313 329
315 329
316 329
320 329
316 330
321 330
327 330
329 330
304 331
311 331
314 331
326 331
313 332
315 332
316 332
328 332
39 333
61 333
83 333
268 333
44 334
246 334
271 334
333 334
303 335
322 335
324 335
334 335
5 336
8 336
334 336
335 336
24 337
292 337
304 337
318 337
93 338
95 338
113 338
194 338
137 339
334 339
335 339
336 339
50 340
115 340
121 340
122 340
334 341
336 341
338 341
339 341
67 342
91 342
117 342
180 342
101 343
338 343
341 343
342 343
41 344
104 344
271 344
331 344
337 345
342 345
343 345
344 345
336 346
342 346
343 346
345 346
193 347
201 347
202 347
204 347
132 348
289 348
338 348
341 348
334 349
335 349
336 349
339 349
188 350
190 350
192 350
203 350
35 351
107 351
108 351
344 351
186 352
225 352
273 352
320 352
338 353
344 353
348 353
351 353
337 354
342 354
345 354
352 354
343 355
344 355
351 355
353 355
335 356
336 356
339 356
349 356
342 357
343 357
345 357
346 357
158 358
164 358
169 358
276 358
338 359
341 359
342 359
348 359
342 360
343 360
346 360
357 360
334 361
335 361
339 361
349 361
338 362
341 362
348 362
359 362
344 363
351 363
353 363
355 363
151 364
337 364
352 364
354 364
337 365
354 365
356 365
364 365
336 366
339 366
349 366
356 366
344 367
351 367
353 367
355 367
71 368
111 368
201 368
315 368
66 369
157 369
159 369
368 369
31 370
174 370
252 370
318 370
67 371
82 371
274 371
330 371
368 372
369 372
370 372
371 372
41 373
70 373
174 373
187 373
120 374
241 374
262 374
373 374
368 375
369 375
371 375
374 375
10 376
105 376
263 376
309 376
279 377
368 377
369 377
375 377
368 378
375 378
376 378
377 378
110 379
142 379
193 379
239 379
172 380
300 380
328 380
350 380
104 381
344 381
353 381
379 381
41 382
194 382
234 382
336 382
370 383
372 383
374 383
378 383
368 384
369 384
375 384
377 384
370 385
372 385
377 385
383 385
36 386
74 386
123 386
136 386
371 387
373 387
376 387
378 387
368 388
369 388
375 388
386 388
215 389
374 389
379 389
381 389
374 390
379 390
381 390
389 390
304 391
310 391
327 391
382 391
359 392
380 392
382 392
391 392
371 393
373 393
381 393
390 393
368 394
384 394
386 394
388 394
58 395
183 395
194 395
352 395
100 396
374 396
380 396
392 396
370 397
372 397
374 397
383 397
376 398
378 398
382 398
391 398
117 399
119 399
122 399
145 399
35 400
156 400
193 400
208 400
170 401
303 401
306 401
318 401
115 402
119 402
122 402
145 402
15 403
59 403
84 403
131 403
49 404
234 404
314 404
382 404
187 405
196 405
201 405
202 405
4 406
46 406
55 406
58 406
338 407
341 407
348 407
362 407
4 408
116 408
278 408
290 408
51 409
105 409
109 409
376 409
104 410
353 410
381 410
389 410
0 411
6 411
14 411
104 411
6 412
55 412
104 412
112 412
36 413
136 413
386 413
388 413
277 414
279 414
288 414
302 414
18 415
34 415
57 415
157 415
318 416
322 416
324 416
335 416
336 417
339 417
349 417
356 417
107 418
121 418
122 418
323 418
231 419
232 419
233 419
248 419
13 420
235 420
239 420
247 420
39 421
160 421
200 421
263 421
352 422
354 422
364 422
365 422
107 423
137 423
138 423
339 423
282 424
286 424
291 424
298 424
13 425
25 425
31 425
370 425
336 426
339 426
356 426
417 426
67 427
160 427
200 427
202 427
48 428
49 428
56 428
168 428
136 429
249 429
289 429
348 429
25 430
146 430
172 430
380 430
305 431
308 431
324 431
335 431
43 432
88 432
239 432
379 432
9 433
124 433
210 433
220 433
22 434
38 434
40 434
44 434
344 435
355 435
363 435
381 435
304 436
311 436
312 436
319 436
6 437
86 437
94 437
112 437
18 438
39 438
61 438
83 438
57 439
146 439
207 439
317 439
67 440
69 440
234 440
315 440
49 441
234 441
382 441
404 441
171 442
174 442
177 442
185 442
16 443
86 443
91 443
112 443
57 444
184 444
207 444
222 444
342 445
348 445
359 445
392 445
282 446
286 446
291 446
292 446
276 447
282 447
291 447
294 447
352 448
354 448
365 448
422 448
115 449
121 449
122 449
340 449
128 450
132 450
134 450
174 450
188 451
190 451
350 451
380 451
150 452
153 452
161 452
165 452
34 453
117 453
268 453
342 453
339 454
341 454
343 454
359 454
157 455
159 455
163 455
164 455
282 456
291 456
294 456
298 456
109 457
211 457
213 457
218 457
9 458
42 458
64 458
111 458
131 459
170 459
171 459
176 459
162 460
164 460
169 460
306 460
227 461
231 461
232 461
237 461
42 462
46 462
52 462
72 462
128 463
132 463
138 463
423 463
3 464
5 464
38 464
142 464
7 465
231 465
232 465
233 465
39 466
160 466
200 466
421 466
368 467
376 467
377 467
378 467
313 468
316 468
328 468
332 468
157 469
159 469
163 469
455 469
111 470
160 470
252 470
421 470
32 471
48 471
49 471
66 471
1 472
104 472
107 472
109 472
18 473
39 473
113 473
438 473
0 474
1 474
104 474
412 474
41 475
43 475
140 475
239 475
334 476
341 476
343 476
407 476
35 477
162 477
164 477
214 477
67 478
200 478
202 478
427 478
132 479
138 479
275 479
423 479
55 480
221 480
270 480
271 480
342 481
346 481
357 481
360 481
282 482
286 482
291 482
446 482
318 483
324 483
370 483
401 483
145 484
280 484
282 484
287 484
105 485
109 485
376 485
409 485
235 486
240 486
242 486
244 486
228 487
315 487
320 487
332 487
35 488
164 488
214 488
477 488
339 489
343 489
359 489
454 489
67 490
82 490
371 490
375 490
9 491
64 491
111 491
458 491
39 492
84 492
160 492
403 492
90 493
95 493
102 493
338 493
2 494
7 494
67 494
82 494
49 495
234 495
404 495
441 495
235 496
239 496
379 496
432 496
170 497
303 497
306 497
318 497
40 498
60 498
254 498
258 498
7 499
28 499
42 499
64 499
121 500
122 500
323 500
418 500
24 501
91 501
181 501
184 501
147 502
243 502
246 502
281 502
275 503
287 503
295 503
297 503
1 504
8 504
21 504
230 504
353 505
355 505
363 505
435 505
101 506
343 506
345 506
489 506
291 507
292 507
446 507
482 507
117 508
342 508
357 508
360 508
156 509
193 509
208 509
400 509
188 510
190 510
191 510
195 510
342 511
346 511
357 511
481 511
303 512
304 512
305 512
308 512
17 513
75 513
296 513
299 513
23 514
32 514
52 514
231 514
16 515
86 515
91 515
137 515
250 516
257 516
260 516
266 516
193 517
201 517
202 517
217 517
86 518
106 518
179 518
443 518
310 519
321 519
327 519
330 519
18 520
33 520
36 520
284 520
91 521
114 521
144 521
307 521
77 522
78 522
80 522
189 522
232 523
233 523
248 523
419 523
187 524
188 524
191 524
203 524
275 525
277 525
279 525
377 525
137 526
339 526
366 526
426 526
370 527
372 527
383 527
385 527
352 528
354 528
365 528
448 528
48 529
128 529
135 529
138 529
175 530
180 530
186 530
342 530
44 531
53 531
76 531
434 531
1 532
8 532
23 532
25 532
357 533
360 533
481 533
511 533
2 534
5 534
7 534
494 534
70 535
130 535
131 535
133 535
151 536
364 536
365 536
422 536
250 537
260 537
269 537
272 537
207 538
208 538
222 538
444 538
35 539
108 539
109 539
301 539
115 540
122 540
126 540
418 540
188 541
196 541
201 541
405 541
9 542
12 542
458 542
491 542
10 543
12 543
90 543
161 543
20 544
30 544
32 544
38 544
254 545
256 545
257 545
266 545
200 546
201 546
202 546
347 546
264 547
269 547
270 547
271 547
308 548
318 548
322 548
335 548
8 549
21 549
230 549
504 549
10 550
64 550
77 550
96 550
5 551
7 551
494 551
534 551
172 552
177 552
180 552
185 552
43 553
96 553
98 553
140 553
174 554
177 554
185 554
552 554
1 555
10 555
27 555
45 555
155 556
159 556
167 556
214 556
344 557
355 557
363 557
435 557
119 558
145 558
146 558
246 558
250 559
266 559
267 559
274 559
10 560
90 560
95 560
161 560
78 561
80 561
95 561
129 561
260 562
269 562
537 562
547 562
37 563
40 563
42 563
54 563
44 564
59 564
84 564
403 564
334 565
341 565
343 565
476 565
207 566
208 566
444 566
538 566
164 567
276 567
290 567
298 567
124 568
128 568
133 568
138 568
341 569
348 569
362 569
407 569
25 570
51 570
154 570
167 570
187 571
193 571
196 571
202 571
250 572
266 572
516 572
559 572
25 573
172 573
380 573
430 573
371 574
373 574
376 574
387 574
3 575
14 575
15 575
68 575
370 576
371 576
372 576
385 576
38 577
44 577
53 577
531 577
254 578
256 578
266 578
545 578
32 579
82 579
144 579
231 579
18 580
39 580
84 580
309 580
265 581
268 581
273 581
283 581
171 582
250 582
267 582
272 582
9 583
124 583
210 583
433 583
373 584
374 584
375 584
390 584
7 585
494 585
534 585
551 585
304 586
305 586
308 586
322 586
334 587
341 587
343 587
565 587
341 588
359 588
454 588
489 588
91 589
114 589
307 589
521 589
17 590
296 590
299 590
513 590
201 591
204 591
347 591
546 591
70 592
130 592
133 592
535 592
73 593
78 593
149 593
230 593
63 594
69 594
73 594
74 594
39 595
61 595
83 595
438 595
57 596
77 596
78 596
189 596
275 597
277 597
279 597
525 597
227 598
233 598
419 598
465 598
107 599
339 599
423 599
479 599
278 600
282 600
290 600
567 600
210 601
213 601
220 601
226 601
193 602
196 602
201 602
202 602
230 603
232 603
236 603
237 603
13 604
94 604
97 604
210 604
110 605
193 605
239 605
379 605
16 606
17 606
29 606
76 606
187 607
188 607
195 607
198 607
63 608
68 608
73 608
281 608
233 609
238 609
248 609
523 609
234 610
277 610
281 610
314 610
74 611
105 611
110 611
485 611
10 612
39 612
59 612
130 612
228 613
315 613
332 613
487 613
250 614
266 614
516 614
572 614
44 615
84 615
403 615
564 615
136 616
187 616
289 616
429 616
73 617
136 617
205 617
249 617
42 618
111 618
458 618
542 618
78 619
95 619
129 619
561 619
0 620
104 620
412 620
474 620
183 621
194 621
352 621
395 621
173 622
184 622
185 622
186 622
12 623
41 623
344 623
373 623
2 624
46 624
50 624
81 624
32 625
48 625
49 625
56 625
254 626
256 626
545 626
578 626
48 627
208 627
219 627
224 627
13 628
25 628
370 628
425 628
58 629
63 629
68 629
594 629
101 630
343 630
489 630
506 630
273 631
352 631
395 631
528 631
210 632
213 632
226 632
457 632
107 633
156 633
208 633
218 633
107 634
138 634
423 634
479 634
73 635
78 635
149 635
593 635
352 636
354 636
422 636
536 636
32 637
48 637
49 637
471 637
39 638
53 638
309 638
580 638
235 639
239 639
240 639
242 639
107 640
423 640
463 640
634 640
128 641
132 641
423 641
463 641
7 642
82 642
494 642
579 642
370 643
374 643
383 643
397 643
66 644
368 644
369 644
384 644
115 645
119 645
145 645
402 645
10 646
59 646
130 646
612 646
213 647
220 647
433 647
601 647
208 648
219 648
222 648
444 648
73 649
78 649
230 649
593 649
25 650
31 650
425 650
628 650
174 651
175 651
177 651
178 651
76 652
93 652
158 652
182 652
222 653
444 653
538 653
648 653
9 654
64 654
111 654
491 654
210 655
215 655
220 655
226 655
322 656
324 656
335 656
416 656
36 657
75 657
199 657
386 657
2 658
46 658
56 658
81 658
105 659
309 659
376 659
398 659
137 660
339 660
426 660
526 660
0 661
412 661
474 661
620 661
62 662
66 662
157 662
471 662
3 663
17 663
75 663
79 663
153 664
161 664
165 664
452 664
18 665
113 665
438 665
473 665
278 666
280 666
408 666
600 666
206 667
210 667
215 667
220 667
67 668
195 668
228 668
487 668
25 669
29 669
76 669
123 669
260 670
269 670
274 670
559 670
234 671
382 671
404 671
441 671
18 672
438 672
473 672
665 672
78 673
129 673
561 673
619 673
40 674
60 674
258 674
275 674
233 675
238 675
248 675
523 675
36 676
136 676
388 676
413 676
85 677
133 677
206 677
667 677
335 678
361 678
431 678
656 678
42 679
111 679
542 679
618 679
256 680
257 680
283 680
516 680
3 681
4 681
36 681
98 681
36 682
388 682
413 682
676 682
274 683
296 683
371 683
670 683
153 684
161 684
165 684
664 684
371 685
373 685
387 685
574 685
380 686
382 686
392 686
396 686
35 687
108 687
109 687
539 687
82 688
494 688
579 688
642 688
375 689
377 689
378 689
525 689
2 690
113 690
473 690
665 690
43 691
98 691
140 691
553 691
234 692
314 692
404 692
610 692
10 693
12 693
161 693
543 693
121 694
122 694
340 694
449 694
4 695
19 695
45 695
182 695
370 696
385 696
527 696
576 696
36 697
75 697
386 697
657 697
180 698
185 698
552 698
554 698
130 699
139 699
159 699
225 699
1 700
104 700
109 700
472 700
44 701
84 701
564 701
615 701
134 702
135 702
150 702
253 702
32 703
49 703
471 703
637 703
3 704
14 704
68 704
575 704
188 705
201 705
405 705
541 705
39 706
53 706
309 706
638 706
10 707
27 707
45 707
695 707
78 708
129 708
561 708
649 708
227 709
233 709
419 709
598 709
10 710
90 710
95 710
560 710
4 711
19 711
695 711
707 711
117 712
119 712
121 712
122 712
23 713
48 713
168 713
428 713
87 714
88 714
90 714
92 714
25 715
29 715
76 715
669 715
313 716
316 716
328 716
329 716
35 717
105 717
107 717
323 717
107 718
109 718
110 718
485 718
222 719
444 719
648 719
653 719
43 720
140 720
553 720
691 720
282 721
291 721
446 721
482 721
117 722
357 722
360 722
508 722
113 723
473 723
665 723
690 723
25 724
76 724
669 724
715 724
24 725
91 725
184 725
501 725
151 726
364 726
422 726
536 726
294 727
298 727
300 727
380 727
44 728
59 728
130 728
403 728
256 729
266 729
516 729
545 729
73 730
249 730
429 730
617 730
228 731
487 731
613 731
668 731
0 732
412 732
620 732
661 732
2 733
13 733
31 733
370 733
22 734
32 734
52 734
514 734
20 735
95 735
129 735
619 735
376 736
378 736
398 736
659 736
7 737
494 737
534 737
585 737
352 738
422 738
536 738
636 738
278 739
282 739
290 739
600 739
256 740
257 740
516 740
680 740
73 741
149 741
593 741
635 741
374 742
380 742
396 742
686 742
135 743
150 743
253 743
702 743
187 744
201 744
405 744
541 744
188 745
190 745
350 745
451 745
42 746
542 746
618 746
679 746
29 747
123 747
386 747
669 747
27 748
48 748
224 748
627 748
46 749
50 749
81 749
624 749
5 750
9 750
44 750
491 750
207 751
444 751
538 751
566 751
24 752
184 752
501 752
725 752
296 753
299 753
513 753
590 753
57 754
80 754
268 754
522 754
10 755
130 755
612 755
646 755
339 756
454 756
489 756
588 756
227 757
232 757
237 757
238 757
342 758
348 758
392 758
445 758
174 759
175 759
178 759
651 759
136 760
205 760
249 760
617 760
204 761
313 761
329 761
332 761
23 762
32 762
231 762
514 762
10 763
90 763
95 763
710 763
208 764
538 764
566 764
751 764
32 765
52 765
514 765
734 765
76 766
88 766
97 766
531 766
85 767
133 767
206 767
677 767
206 768
211 768
216 768
218 768
235 769
239 769
242 769
639 769
192 770
201 770
347 770
591 770
361 771
431 771
656 771
678 771
91 772
184 772
501 772
725 772
28 773
45 773
138 773
293 773
359 774
362 774
407 774
569 774
310 775
327 775
382 775
391 775
308 776
431 776
678 776
771 776
190 777
350 777
451 777
745 777
343 778
346 778
360 778
508 778
128 779
134 779
174 779
450 779
213 780
433 780
601 780
647 780
96 781
100 781
101 781
103 781
31 782
85 782
87 782
210 782
235 783
239 783
639 783
769 783
376 784
382 784
391 784
398 784
219 785
648 785
653 785
719 785
156 786
193 786
400 786
509 786
7 787
231 787
419 787
465 787
239 788
240 788
242 788
244 788
376 789
398 789
659 789
736 789
10 790
612 790
646 790
755 790
35 791
121 791
418 791
694 791
8 792
336 792
341 792
346 792
266 793
516 793
572 793
614 793
232 794
233 794
523 794
609 794
25 795
669 795
715 795
724 795
115 796
119 796
122 796
402 796
208 797
566 797
751 797
764 797
352 798
395 798
621 798
631 798
87 799
130 799
225 799
728 799
25 800
380 800
430 800
573 800
337 801
364 801
365 801
422 801
207 802
209 802
222 802
250 802
35 803
117 803
323 803
712 803
231 804
237 804
248 804
757 804
35 805
351 805
353 805
355 805
36 806
164 806
276 806
290 806
36 807
199 807
264 807
657 807
164 808
214 808
477 808
488 808
454 809
489 809
588 809
756 809
376 810
387 810
574 810
685 810
266 811
516 811
572 811
729 811
106 812
112 812
143 812
151 812
232 813
238 813
757 813
804 813
32 814
471 814
637 814
703 814
44 815
334 815
577 815
701 815
115 816
118 816
126 816
173 816
234 817
382 817
441 817
671 817
13 818
21 818
24 818
26 818
188 819
190 819
191 819
203 819
13 820
25 820
628 820
650 820
22 821
106 821
141 821
148 821
172 822
180 822
552 822
698 822
58 823
286 823
291 823
294 823
57 824
207 824
415 824
596 824
343 825
345 825
506 825
630 825
206 826
667 826
677 826
767 826
446 827
482 827
507 827
721 827
298 828
300 828
380 828
727 828
9 829
64 829
491 829
654 829
72 830
130 830
131 830
612 830
376 831
391 831
398 831
789 831
35 832
351 832
355 832
805 832
3 833
14 833
37 833
42 833
190 834
191 834
203 834
819 834
14 835
37 835
42 835
833 835
153 836
165 836
452 836
664 836
91 837
342 837
345 837
360 837
192 838
201 838
347 838
770 838
201 839
202 839
204 839
347 839
173 840
184 840
185 840
622 840
25 841
158 841
296 841
590 841
1 842
5 842
149 842
464 842
109 843
213 843
218 843
457 843
67 844
234 844
315 844
440 844
29 845
123 845
669 845
724 845
2 846
4 846
695 846
711 846
348 847
362 847
407 847
569 847
119 848
122 848
402 848
796 848
202 849
204 849
347 849
839 849
274 850
296 850
670 850
683 850
5 851
8 851
149 851
593 851
471 852
637 852
703 852
814 852
538 853
648 853
653 853
785 853
90 854
95 854
102 854
493 854
231 855
236 855
237 855
238 855
2 856
5 856
7 856
464 856
25 857
105 857
296 857
573 857
8 858
334 858
336 858
341 858
337 859
354 859
365 859
422 859
534 860
551 860
585 860
737 860
3 861
120 861
124 861
433 861
121 862
207 862
231 862
317 862
187 863
195 863
198 863
607 863
316 864
327 864
330 864
371 864
210 865
213 865
220 865
223 865
85 866
93 866
321 866
782 866
227 867
239 867
240 867
242 867
117 868
170 868
171 868
176 868
234 869
314 869
610 869
692 869
192 870
201 870
770 870
838 870
133 871
677 871
767 871
826 871
264 872
269 872
271 872
334 872
42 873
618 873
679 873
746 873
35 874
301 874
539 874
687 874
156 875
400 875
509 875
786 875
33 876
66 876
157 876
471 876
147 877
243 877
246 877
558 877
48 878
49 878
56 878
625 878
446 879
482 879
721 879
827 879
0 880
3 880
5 880
464 880
190 881
350 881
451 881
777 881
20 882
95 882
129 882
735 882
20 883
25 883
95 883
882 883
48 884
219 884
627 884
748 884
224 885
627 885
748 885
884 885
291 886
482 886
721 886
879 886
113 887
338 887
348 887
353 887
214 888
477 888
488 888
808 888
74 889
110 889
485 889
611 889
155 890
159 890
167 890
556 890
227 891
233 891
419 891
709 891
25 892
172 892
175 892
573 892
235 893
379 893
432 893
496 893
85 894
210 894
782 894
866 894
69 895
73 895
78 895
617 895
371 896
373 896
381 896
393 896
243 897
246 897
281 897
502 897
100 898
142 898
146 898
148 898
256 899
266 899
267 899
793 899
379 900
381 900
389 900
390 900
33 901
66 901
471 901
876 901
369 902
375 902
384 902
388 902
34 903
117 903
342 903
453 903
181 904
185 904
186 904
442 904
9 905
124 905
210 905
583 905
10 906
161 906
543 906
693 906
371 907
387 907
574 907
810 907
202 908
347 908
839 908
849 908
234 909
382 909
441 909
817 909
538 910
648 910
785 910
853 910
3 911
17 911
75 911
663 911
471 912
703 912
814 912
852 912
653 913
785 913
853 913
910 913
140 914
142 914
146 914
379 914
27 915
48 915
66 915
529 915
241 916
373 916
374 916
396 916
256 917
257 917
266 917
545 917
104 918
109 918
110 918
116 918
237 919
248 919
804 919
813 919
155 920
267 920
559 920
582 920
172 921
174 921
178 921
209 921
282 922
291 922
294 922
447 922
136 923
205 923
617 923
760 923
49 924
56 924
625 924
878 924
38 925
100 925
142 925
898 925
36 926
386 926
657 926
697 926
4 927
36 927
98 927
681 927
210 928
220 928
223 928
865 928
3 929
42 929
833 929
835 929
67 930
234 930
440 930
844 930
162 931
164 931
167 931
169 931
46 932
55 932
58 932
406 932
34 933
144 933
307 933
579 933
291 934
292 934
446 934
507 934
188 935
405 935
541 935
705 935
160 936
200 936
263 936
421 936
85 937
133 937
677 937
767 937
67 938
440 938
844 938
930 938
3 939
115 939
540 939
796 939
53 940
580 940
638 940
706 940
67 941
200 941
427 941
478 941
38 942
100 942
898 942
925 942
282 943
291 943
447 943
922 943
4 944
33 944
75 944
135 944
162 945
477 945
488 945
808 945
303 946
310 946
318 946
335 946
161 947
165 947
452 947
664 947
477 948
488 948
808 948
945 948
20 949
95 949
129 949
561 949
238 950
248 950
609 950
919 950
70 951
133 951
535 951
592 951
63 952
68 952
281 952
608 952
259 953
260 953
261 953
262 953
94 954
97 954
190 954
276 954
188 955
541 955
705 955
935 955
146 956
153 956
452 956
664 956
7 957
221 957
270 957
271 957
375 958
384 958
388 958
902 958
279 959
375 959
377 959
378 959
5 960
149 960
464 960
842 960
541 961
705 961
935 961
955 961
196 962
405 962
705 962
744 962
40 963
254 963
258 963
261 963
40 964
60 964
258 964
674 964
78 965
80 965
522 965
619 965
130 966
154 966
157 966
159 966
159 967
163 967
455 967
469 967
69 968
234 968
440 968
938 968
10 969
612 969
646 969
790 969
18 970
39 970
473 970
492 970
282 971
447 971
922 971
943 971
78 972
593 972
635 972
741 972
78 973
635 973
741 973
972 973
0 974
1 974
5 974
8 974
188 975
190 975
191 975
510 975
232 976
233 976
465 976
598 976
440 977
844 977
938 977
968 977
63 978
69 978
94 978
895 978
76 979
93 979
158 979
652 979
235 980
242 980
769 980
783 980
184 981
501 981
725 981
772 981
282 982
286 982
290 982
291 982
286 983
424 983
446 983
982 983
105 984
409 984
485 984
611 984
444 985
566 985
751 985
764 985
347 986
838 986
839 986
849 986
39 987
61 987
438 987
595 987
16 988
91 988
443 988
518 988
368 989
375 989
388 989
413 989
13 990
91 990
171 990
733 990
239 991
240 991
242 991
867 991
59 992
84 992
403 992
564 992
3 993
14 993
833 993
835 993
1 994
107 994
472 994
700 994
213 995
218 995
457 995
843 995
133 996
206 996
667 996
826 996
313 997
316 997
330 997
864 997
281 998
282 998
291 998
424 998
309 999
659 999
736 999
789 999
