1000 3985
0 2
0 4
1 4
2 4
3 4
0 5
1 5
2 5
3 5
0 6
1 6
2 6
4 6
0 7
2 7
5 7
6 7
1 8
2 8
5 8
6 8
2 9
5 9
7 9
8 9
2 10
7 10
8 10
9 10
1 11
3 11
7 11
9 11
1 12
9 12
10 12
11 12
2 13
3 13
9 13
12 13
0 14
7 14
10 14
11 14
3 15
5 15
9 15
14 15
7 16
8 16
9 16
13 16
3 17
5 17
11 17
14 17
5 18
8 18
10 18
17 18
4 19
6 19
15 19
16 19
2 20
3 20
13 20
16 20
6 21
8 21
17 21
18 21
8 22
11 22
17 22
20 22
8 23
18 23
21 23
22 23
2 24
13 24
18 24
21 24
8 25
13 25
15 25
18 25
3 26
11 26
24 26
25 26
11 27
15 27
23 27
26 27
7 28
9 28
11 28
16 28
13 29
16 29
17 29
22 29
0 30
3 30
23 30
25 30
2 31
13 31
20 31
25 31
20 32
22 32
23 32
30 32
4 33
17 33
18 33
19 33
2 34
10 34
18 34
22 34
0 35
6 35
33 35
34 35
11 36
17 36
22 36
33 36
2 37
3 37
8 37
14 37
3 38
5 38
21 38
32 38
1 39
10 39
15 39
18 39
22 40
32 40
38 40
39 40
4 41
12 41
14 41
21 41
14 42
28 42
37 42
39 42
10 43
39 43
41 43
42 43
9 44
29 44
39 44
40 44
1 45
10 45
19 45
27 45
9 46
36 46
40 46
44 46
0 47
22 47
23 47
40 47
10 48
27 48
32 48
35 48
42 49
43 49
47 49
48 49
2 50
3 50
4 50
41 50
18 51
27 51
28 51
49 51
7 52
32 52
42 52
46 52
32 53
38 53
40 53
44 53
2 54
37 54
40 54
42 54
4 55
6 55
14 55
46 55
32 56
48 56
49 56
55 56
17 57
28 57
34 57
43 57
5 58
34 58
35 58
55 58
10 59
15 59
39 59
44 59
38 60
40 60
47 60
57 60
28 61
39 61
42 61
54 61
3 62
11 62
25 62
26 62
17 63
35 63
51 63
58 63
9 64
28 64
42 64
51 64
2 65
12 65
40 65
47 65
23 66
33 66
48 66
62 66
7 67
9 67
10 67
63 67
14 68
15 68
63 68
67 68
63 69
65 69
67 69
68 69
30 70
31 70
46 70
49 70
13 71
21 71
30 71
51 71
4 72
48 72
52 72
62 72
63 73
69 73
70 73
71 73
14 74
25 74
51 74
69 74
17 75
33 75
36 75
70 75
4 76
25 76
29 76
44 76
6 77
28 77
60 77
70 77
7 78
40 78
56 78
73 78
3 79
14 79
17 79
75 79
28 80
57 80
77 80
78 80
2 81
46 81
50 81
56 81
7 82
21 82
32 82
38 82
10 83
39 83
43 83
61 83
10 84
39 84
59 84
77 84
20 85
56 85
61 85
82 85
4 86
6 86
16 86
19 86
16 87
20 87
31 87
85 87
35 88
42 88
43 88
76 88
4 89
85 89
87 89
88 89
10 90
12 90
88 90
89 90
9 91
13 91
16 91
86 91
87 92
88 92
89 92
90 92
63 93
67 93
85 93
87 93
6 94
43 94
69 94
88 94
20 95
25 95
78 95
90 95
10 96
58 96
64 96
77 96
13 97
25 97
76 97
94 97
3 98
4 98
36 98
97 98
11 99
94 99
97 99
98 99
38 100
84 100
87 100
94 100
94 101
96 101
97 101
100 101
94 102
95 102
97 102
101 102
3 103
94 103
97 103
101 103
0 104
1 104
3 104
6 104
25 105
51 105
74 105
104 105
11 106
16 106
86 106
91 106
35 107
58 107
104 107
105 107
35 108
65 108
75 108
88 108
104 109
105 109
107 109
108 109
104 110
105 110
107 110
109 110
18 111
27 111
51 111
64 111
4 112
6 112
16 112
86 112
2 113
18 113
39 113
96 113
11 114
23 114
44 114
91 114
3 115
20 115
50 115
68 115
104 116
107 116
109 116
110 116
34 117
35 117
107 117
115 117
19 118
46 118
49 118
67 118
77 119
115 119
117 119
118 119
14 120
27 120
103 120
113 120
35 121
115 121
117 121
119 121
115 122
117 122
119 122
121 122
25 123
29 123
76 123
88 123
3 124
26 124
27 124
120 124
60 125
118 125
120 125
124 125
115 126
117 126
118 126
122 126
49 127
58 127
101 127
109 127
3 128
30 128
48 128
124 128
56 129
78 129
80 129
95 129
59 130
70 130
72 130
87 130
44 131
59 131
76 131
130 131
0 132
12 132
38 132
82 132
128 133
130 133
131 133
132 133
127 134
128 134
131 134
132 134
33 135
127 135
128 135
134 135
112 136
127 136
132 136
134 136
9 137
68 137
91 137
107 137
128 138
132 138
135 138
137 138
130 139
131 139
132 139
133 139
43 140
78 140
96 140
98 140
22 141
98 141
103 141
106 141
38 142
100 142
140 142
141 142
40 143
86 143
106 143
112 143
34 144
82 144
102 144
114 144
15 145
30 145
102 145
119 145
140 146
141 146
142 146
145 146
140 147
144 147
145 147
146 147
140 148
141 148
142 148
147 148
5 149
8 149
73 149
103 149
17 150
104 150
134 150
135 150
143 151
145 151
146 151
148 151
100 152
101 152
102 152
103 152
120 153
145 153
146 153
150 153
25 154
42 154
51 154
95 154
49 155
124 155
133 155
153 155
9 156
11 156
46 156
67 156
34 157
66 157
96 157
141 157
9 158
76 158
93 158
118 158
130 159
154 159
155 159
157 159
84 160
107 160
111 160
147 160
12 161
74 161
90 161
143 161
28 162
29 162
35 162
104 162
150 163
153 163
157 163
159 163
155 164
158 164
162 164
163 164
150 165
153 165
155 165
161 165
154 166
158 166
162 166
164 166
154 167
155 167
162 167
166 167
23 168
48 168
108 168
115 168
158 169
160 169
162 169
164 169
101 170
117 170
141 170
169 170
13 171
16 171
91 171
170 171
11 172
25 172
50 172
146 172
26 173
98 173
110 173
126 173
132 174
134 174
139 174
172 174
170 175
171 175
172 175
174 175
131 176
134 176
170 176
171 176
171 177
172 177
174 177
175 177
172 178
174 178
175 178
177 178
86 179
91 179
106 179
112 179
174 180
175 180
177 180
178 180
24 181
91 181
164 181
169 181
19 182
118 182
126 182
158 182
170 183
171 183
173 183
176 183
171 184
173 184
181 184
183 184
174 185
177 185
181 185
184 185
180 186
181 186
184 186
185 186
136 187
145 187
168 187
169 187
112 188
132 188
136 188
187 188
57 189
77 189
78 189
80 189
94 190
97 190
187 190
188 190
50 191
187 191
188 191
190 191
56 192
101 192
132 192
169 192
24 193
135 193
173 193
192 193
16 194
49 194
121 194
143 194
187 195
188 195
190 195
191 195
187 196
188 196
193 196
195 196
35 197
47 197
85 197
136 197
187 198
188 198
190 198
195 198
17 199
36 199
192 199
197 199
33 200
39 200
67 200
160 200
192 201
193 201
196 201
197 201
193 202
196 202
200 202
201 202
188 203
190 203
191 203
192 203
171 204
193 204
196 204
201 204
187 205
190 205
195 205
198 205
67 206
85 206
108 206
133 206
55 207
57 207
146 207
184 207
35 208
107 208
156 208
193 208
172 209
175 209
178 209
207 209
9 210
87 210
97 210
124 210
24 211
62 211
87 211
109 211
206 212
208 212
210 212
211 212
208 213
210 213
211 213
212 213
154 214
155 214
162 214
167 214
206 215
210 215
212 215
213 215
190 216
195 216
198 216
211 216
193 217
197 217
201 217
202 217
206 218
208 218
211 218
216 218
36 219
207 219
208 219
209 219
207 220
210 220
213 220
215 220
20 221
87 221
89 221
100 221
207 222
208 222
209 222
219 222
210 223
213 223
215 223
220 223
27 224
48 224
208 224
219 224
70 225
130 225
131 225
139 225
210 226
213 226
215 226
220 226
66 227
91 227
133 227
187 227
21 228
49 228
67 228
195 228
155 229
167 229
227 229
228 229
8 230
26 230
73 230
221 230
7 231
32 231
82 231
227 231
227 232
228 232
229 232
231 232
227 233
230 233
231 233
232 233
49 234
51 234
67 234
217 234
3 235
13 235
23 235
75 235
227 236
230 236
231 236
232 236
227 237
231 237
232 237
236 237
231 238
232 238
236 238
237 238
42 239
43 239
88 239
235 239
227 240
234 240
235 240
239 240
227 241
232 241
236 241
238 241
234 242
235 242
239 242
240 242
61 243
68 243
217 243
220 243
235 244
239 244
240 244
242 244
232 245
237 245
238 245
241 245
145 246
147 246
187 246
243 246
235 247
240 247
242 247
244 247
230 248
233 248
237 248
238 248
73 249
136 249
205 249
229 249
22 250
61 250
171 250
222 250
60 251
118 251
120 251
125 251
30 252
57 252
160 252
179 252
134 253
135 253
150 253
163 253
24 254
68 254
128 254
232 254
65 255
69 255
252 255
254 255
250 256
252 256
254 256
255 256
106 257
252 257
255 257
256 257
40 258
47 258
60 258
254 258
189 259
250 259
254 259
258 259
250 260
252 260
256 260
257 260
254 261
258 261
259 261
260 261
254 262
258 262
259 262
261 262
63 263
67 263
156 263
200 263
77 264
171 264
199 264
212 264
97 265
190 265
205 265
264 265
250 266
256 266
257 266
260 266
155 267
250 267
260 267
266 267
61 268
80 268
104 268
117 268
250 269
260 269
266 269
267 269
7 270
55 270
221 270
238 270
264 271
265 271
269 271
270 271
250 272
260 272
266 272
269 272
257 273
264 273
265 273
268 273
250 274
260 274
267 274
269 274
14 275
138 275
255 275
258 275
36 276
68 276
94 276
164 276
33 277
139 277
148 277
275 277
4 278
20 278
116 278
141 278
74 279
275 279
276 279
277 279
145 280
151 280
275 280
278 280
63 281
107 281
241 281
246 281
182 282
275 282
276 282
280 282
257 283
265 283
268 283
273 283
33 284
94 284
147 284
183 284
277 285
278 285
279 285
284 285
58 286
276 286
282 286
284 286
275 287
278 287
280 287
281 287
277 288
279 288
281 288
285 288
132 289
136 289
187 289
249 289
276 290
278 290
282 290
286 290
276 291
281 291
282 291
286 291
281 292
282 292
286 292
291 292
28 293
45 293
94 293
138 293
276 294
282 294
286 294
291 294
15 295
275 295
280 295
287 295
25 296
158 296
260 296
274 296
275 297
280 297
287 297
295 297
276 298
282 298
291 298
294 298
17 299
75 299
79 299
296 299
276 300
291 300
294 300
298 300
108 301
206 301
215 301
284 301
277 302
279 302
285 302
288 302
45 303
122 303
151 303
215 303
14 304
204 304
225 304
303 304
35 305
121 305
303 305
304 305
169 306
170 306
303 306
305 306
34 307
114 307
144 307
147 307
303 308
304 308
305 308
306 308
9 309
39 309
44 309
53 309
303 310
304 310
305 310
308 310
303 311
304 311
308 311
310 311
139 312
304 312
310 312
311 312
126 313
173 313
181 313
204 313
61 314
234 314
277 314
281 314
67 315
228 315
232 315
313 315
303 316
305 316
313 316
315 316
121 317
122 317
207 317
231 317
303 318
305 318
306 318
308 318
304 319
310 319
311 319
312 319
308 320
313 320
315 320
316 320
70 321
85 321
110 321
275 321
303 322
305 322
308 322
318 322
107 323
117 323
121 323
122 323
305 324
308 324
318 324
322 324
16 325
49 325
106 325
284 325
313 326
314 326
315 326
316 326
304 327
310 327
312 327
321 327
313 328
315 328
316 328
320 328
313 329
315 329
316 329
320 329
316 330
321 330
327 330
329 330
304 331
311 331
314 331
326 331
313 332
315 332
316 332
328 332
39 333
61 333
83 333
268 333
44 334
246 334
271 334
333 334
303 335
322 335
324 335
334 335
5 336
8 336
334 336
335 336
24 337
292 337
304 337
318 337
93 338
95 338
113 338
194 338
137 339
334 339
335 339
336 339
50 340
115 340
121 340
122 340
334 341
336 341
338 341
339 341
67 342
91 342
117 342
180 342
101 343
338 343
341 343
342 343
41 344
104 344
271 344
331 344
337 345
342 345
343 345
344 345
336 346
342 346
343 346
345 346
193 347
201 347
202 347
204 347
132 348
289 348
338 348
341 348
334 349
335 349
336 349
339 349
188 350
190 350
192 350
203 350
35 351
107 351
108 351
344 351
186 352
225 352
273 352
320 352
338 353
344 353
348 353
351 353
337 354
342 354
345 354
352 354
343 355
344 355
351 355
353 355
335 356
336 356
339 356
349 356
342 357
343 357
345 357
346 357
158 358
164 358
169 358
276 358
338 359
341 359
342 359
348 359
342 360
343 360
346 360
357 360
334 361
335 361
339 361
349 361
338 362
341 362
348 362
359 362
344 363
351 363
353 363
355 363
151 364
337 364
352 364
354 364
337 365
354 365
356 365
364 365
336 366
339 366
349 366
356 366
344 367
351 367
353 367
355 367
71 368
111 368
201 368
315 368
66 369
157 369
159 369
368 369
31 370
174 370
252 370
318 370
67 371
82 371
274 371
330 371
368 372
369 372
370 372
371 372
41 373
70 373
174 373
187 373
120 374
241 374
262 374
373 374
368 375
369 375
371 375
374 375
10 376
105 376
263 376
309 376
279 377
368 377
369 377
375 377
368 378
375 378
376 378
377 378
110 379
142 379
193 379
239 379
172 380
300 380
328 380
350 380
104 381
344 381
353 381
379 381
41 382
194 382
234 382
336 382
370 383
372 383
374 383
378 383
368 384
369 384
375 384
377 384
370 385
372 385
377 385
383 385
36 386
74 386
123 386
136 386
371 387
373 387
376 387
378 387
368 388
369 388
375 388
386 388
215 389
374 389
379 389
381 389
374 390
379 390
381 390
389 390
304 391
310 391
327 391
382 391
359 392
380 392
382 392
391 392
371 393
373 393
381 393
390 393
368 394
384 394
386 394
388 394
58 395
183 395
194 395
352 395
100 396
374 396
380 396
392 396
370 397
372 397
374 397
383 397
376 398
378 398
382 398
391 398
117 399
119 399
122 399
145 399
35 400
156 400
193 400
208 400
170 401
303 401
306 401
318 401
115 402
119 402
122 402
145 402
15 403
59 403
84 403
131 403
49 404
234 404
314 404
382 404
187 405
196 405
201 405
202 405
4 406
46 406
55 406
58 406
338 407
341 407
348 407
362 407
4 408
116 408
278 408
290 408
51 409
105 409
109 409
376 409
104 410
353 410
381 410
389 410
0 411
6 411
14 411
104 411
6 412
55 412
104 412
112 412
36 413
136 413
386 413
388 413
277 414
279 414
288 414
302 414
18 415
34 415
57 415
157 415
318 416
322 416
324 416
335 416
336 417
339 417
349 417
356 417
107 418
121 418
122 418
323 418
231 419
232 419
233 419
248 419
13 420
235 420
239 420
247 420
39 421
160 421
200 421
263 421
352 422
354 422
364 422
365 422
107 423
137 423
138 423
339 423
282 424
286 424
291 424
298 424
13 425
25 425
31 425
370 425
336 426
339 426
356 426
417 426
67 427
160 427
200 427
202 427
48 428
49 428
56 428
168 428
136 429
249 429
289 429
348 429
25 430
146 430
172 430
380 430
305 431
308 431
324 431
335 431
43 432
88 432
239 432
379 432
9 433
124 433
210 433
220 433
22 434
38 434
40 434
44 434
344 435
355 435
363 435
381 435
304 436
311 436
312 436
319 436
6 437
86 437
94 437
112 437
18 438
39 438
61 438
83 438
57 439
146 439
207 439
317 439
67 440
69 440
234 440
315 440
49 441
234 441
382 441
404 441
171 442
174 442
177 442
185 442
16 443
86 443
91 443
112 443
57 444
184 444
207 444
222 444
342 445
348 445
359 445
392 445
282 446
286 446
291 446
292 446
276 447
282 447
291 447
294 447
352 448
354 448
365 448
422 448
115 449
121 449
122 449
340 449
128 450
132 450
134 450
174 450
188 451
190 451
350 451
380 451
150 452
153 452
161 452
165 452
34 453
117 453
268 453
342 453
339 454
341 454
343 454
359 454
157 455
159 455
163 455
164 455
282 456
291 456
294 456
298 456
109 457
211 457
213 457
218 457
9 458
42 458
64 458
111 458
131 459
170 459
171 459
176 459
162 460
164 460
169 460
306 460
227 461
231 461
232 461
237 461
42 462
46 462
52 462
72 462
128 463
132 463
138 463
423 463
3 464
5 464
38 464
142 464
7 465
231 465
232 465
233 465
39 466
160 466
200 466
421 466
368 467
376 467
377 467
378 467
313 468
316 468
328 468
332 468
157 469
159 469
163 469
455 469
111 470
160 470
252 470
421 470
32 471
48 471
49 471
66 471
1 472
104 472
107 472
109 472
18 473
39 473
113 473
438 473
0 474
1 474
104 474
412 474
41 475
43 475
140 475
239 475
334 476
341 476
343 476
407 476
35 477
162 477
164 477
214 477
67 478
200 478
202 478
427 478
132 479
138 479
275 479
423 479
55 480
221 480
270 480
271 480
342 481
346 481
357 481
360 481
282 482
286 482
291 482
446 482
318 483
324 483
370 483
401 483
145 484
280 484
282 484
287 484
105 485
109 485
376 485
409 485
235 486
240 486
242 486
244 486
228 487
315 487
320 487
332 487
35 488
164 488
214 488
477 488
339 489
343 489
359 489
454 489
67 490
82 490
371 490
375 490
9 491
64 491
111 491
458 491
39 492
84 492
160 492
403 492
90 493
95 493
102 493
338 493
2 494
7 494
67 494
82 494
49 495
234 495
404 495
441 495
235 496
239 496
379 496
432 496
170 497
303 497
306 497
318 497
40 498
60 498
254 498
258 498
7 499
28 499
42 499
64 499
121 500
122 500
323 500
418 500
24 501
91 501
181 501
184 501
147 502
243 502
246 502
281 502
275 503
287 503
295 503
297 503
1 504
8 504
21 504
230 504
353 505
355 505
363 505
435 505
101 506
343 506
345 506
489 506
291 507
292 507
446 507
482 507
117 508
342 508
357 508
360 508
156 509
193 509
208 509
400 509
188 510
190 510
191 510
195 510
342 511
346 511
357 511
481 511
303 512
304 512
305 512
308 512
17 513
75 513
296 513
299 513
23 514
32 514
52 514
231 514
16 515
86 515
91 515
137 515
250 516
257 516
260 516
266 516
193 517
201 517
202 517
217 517
86 518
106 518
179 518
443 518
310 519
321 519
327 519
330 519
18 520
33 520
36 520
284 520
91 521
114 521
144 521
307 521
77 522
78 522
80 522
189 522
232 523
233 523
248 523
419 523
187 524
188 524
191 524
203 524
275 525
277 525
279 525
377 525
137 526
339 526
366 526
426 526
370 527
372 527
383 527
385 527
352 528
354 528
365 528
448 528
48 529
128 529
135 529
138 529
175 530
180 530
186 530
342 530
44 531
53 531
76 531
434 531
1 532
8 532
23 532
25 532
357 533
360 533
481 533
511 533
2 534
5 534
7 534
494 534
70 535
130 535
131 535
133 535
151 536
364 536
365 536
422 536
250 537
260 537
269 537
272 537
207 538
208 538
222 538
444 538
35 539
108 539
109 539
301 539
115 540
122 540
126 540
418 540
188 541
196 541
201 541
405 541
9 542
12 542
458 542
491 542
10 543
12 543
90 543
161 543
20 544
30 544
32 544
38 544
254 545
256 545
257 545
266 545
200 546
201 546
202 546
347 546
264 547
269 547
270 547
271 547
308 548
318 548
322 548
335 548
8 549
21 549
230 549
504 549
10 550
64 550
77 550
96 550
5 551
7 551
494 551
534 551
172 552
177 552
180 552
185 552
43 553
96 553
98 553
140 553
174 554
177 554
185 554
552 554
1 555
10 555
27 555
45 555
155 556
159 556
167 556
214 556
344 557
355 557
363 557
435 557
119 558
145 558
146 558
246 558
250 559
266 559
267 559
274 559
10 560
90 560
95 560
161 560
78 561
80 561
95 561
129 561
260 562
269 562
537 562
547 562
37 563
40 563
42 563
54 563
44 564
59 564
84 564
403 564
334 565
341 565
343 565
476 565
207 566
208 566
444 566
538 566
164 567
276 567
290 567
298 567
124 568
128 568
133 568
138 568
341 569
348 569
362 569
407 569
25 570
51 570
154 570
167 570
187 571
193 571
196 571
202 571
250 572
266 572
516 572
559 572
25 573
172 573
380 573
430 573
371 574
373 574
376 574
387 574
3 575
14 575
15 575
68 575
370 576
371 576
372 576
385 576
38 577
44 577
53 577
531 577
254 578
256 578
266 578
545 578
32 579
82 579
144 579
231 579
18 580
39 580
84 580
309 580
265 581
268 581
273 581
283 581
171 582
250 582
267 582
272 582
9 583
124 583
210 583
433 583
373 584
374 584
375 584
390 584
7 585
494 585
534 585
551 585
304 586
305 586
308 586
322 586
334 587
341 587
343 587
565 587
341 588
359 588
454 588
489 588
91 589
114 589
307 589
521 589
17 590
296 590
299 590
513 590
201 591
204 591
347 591
546 591
70 592
130 592
133 592
535 592
73 593
78 593
149 593
230 593
63 594
69 594
73 594
74 594
39 595
61 595
83 595
438 595
57 596
77 596
78 596
189 596
275 597
277 597
279 597
525 597
227 598
233 598
419 598
465 598
107 599
339 599
423 599
479 599
133 600
227 600
535 600
592 600
124 601
155 601
433 601
583 601
337 602
365 602
422 602
528 602
234 603
404 603
441 603
495 603
61 604
85 604
87 604
206 604
201 605
202 605
405 605
541 605
60 606
118 606
125 606
251 606
294 607
298 607
424 607
567 607
267 608
274 608
559 608
572 608
2 609
494 609
551 609
585 609
51 610
111 610
458 610
491 610
336 611
339 611
356 611
366 611
85 612
87 612
89 612
90 612
365 613
422 613
448 613
536 613
193 614
201 614
217 614
517 614
115 615
118 615
122 615
126 615
172 616
180 616
552 616
554 616
172 617
178 617
209 617
222 617
145 618
243 618
246 618
502 618
51 619
109 619
376 619
409 619
70 620
130 620
592 620
600 620
49 621
234 621
382 621
441 621
49 622
106 622
284 622
325 622
110 623
239 623
379 623
496 623
188 624
190 624
198 624
510 624
193 625
202 625
405 625
427 625
275 626
287 626
295 626
503 626
170 627
303 627
318 627
401 627
130 628
157 628
159 628
455 628
232 629
237 629
241 629
245 629
327 630
329 630
330 630
371 630
10 631
90 631
493 631
543 631
276 632
286 632
290 632
291 632
344 633
353 633
355 633
363 633
42 634
49 634
155 634
622 634
210 635
213 635
215 635
226 635
47 636
60 636
258 636
261 636
201 637
347 637
546 637
591 637
180 638
181 638
186 638
352 638
24 639
91 639
184 639
501 639
162 640
164 640
169 640
460 640
227 641
232 641
237 641
461 641
22 642
23 642
30 642
532 642
18 643
25 643
39 643
113 643
25 644
51 644
167 644
570 644
3 645
25 645
26 645
27 645
187 646
193 646
202 646
571 646
189 647
258 647
259 647
261 647
318 648
370 648
425 648
527 648
164 649
358 649
460 649
567 649
172 650
174 650
373 650
450 650
308 651
322 651
335 651
548 651
108 652
206 652
215 652
604 652
67 653
371 653
375 653
490 653
208 654
444 654
538 654
566 654
188 655
191 655
203 655
350 655
47 656
60 656
261 656
636 656
2 657
3 657
50 657
340 657
380 658
392 658
430 658
451 658
158 659
164 659
358 659
649 659
77 660
78 660
189 660
596 660
131 661
170 661
171 661
459 661
231 662
232 662
236 662
237 662
155 663
164 663
165 663
167 663
85 664
206 664
218 664
604 664
232 665
233 665
248 665
419 665
142 666
146 666
151 666
439 666
37 667
40 667
54 667
61 667
369 668
375 668
377 668
384 668
91 669
114 669
521 669
589 669
208 670
210 670
212 670
215 670
282 671
291 671
446 671
482 671
6 672
94 672
112 672
437 672
175 673
178 673
180 673
617 673
0 674
14 674
104 674
411 674
227 675
233 675
465 675
598 675
36 676
386 676
388 676
413 676
339 677
417 677
426 677
526 677
175 678
178 678
617 678
673 678
155 679
165 679
167 679
663 679
201 680
347 680
546 680
591 680
188 681
198 681
350 681
655 681
235 682
242 682
247 682
420 682
206 683
208 683
211 683
212 683
175 684
180 684
186 684
530 684
70 685
130 685
133 685
535 685
276 686
291 686
292 686
294 686
107 687
109 687
110 687
472 687
47 688
49 688
60 688
197 688
56 689
78 689
95 689
129 689
359 690
454 690
489 690
506 690
304 691
337 691
364 691
602 691
187 692
196 692
201 692
405 692
160 693
252 693
421 693
470 693
208 694
209 694
219 694
222 694
3 695
32 695
38 695
577 695
124 696
125 696
251 696
606 696
67 697
200 697
234 697
342 697
287 698
295 698
503 698
626 698
209 699
219 699
222 699
694 699
17 700
21 700
23 700
549 700
100 701
101 701
102 701
152 701
48 702
135 702
138 702
529 702
115 703
118 703
122 703
615 703
18 704
25 704
39 704
643 704
391 705
392 705
396 705
445 705
280 706
287 706
484 706
698 706
111 707
160 707
491 707
610 707
201 708
217 708
517 708
614 708
207 709
444 709
538 709
566 709
201 710
546 710
637 710
680 710
2 711
41 711
50 711
172 711
150 712
161 712
165 712
452 712
170 713
401 713
483 713
627 713
256 714
266 714
545 714
578 714
151 715
365 715
536 715
613 715
180 716
185 716
186 716
352 716
16 717
86 717
137 717
515 717
234 718
382 718
441 718
603 718
246 719
334 719
565 719
587 719
304 720
337 720
364 720
691 720
111 721
160 721
491 721
707 721
193 722
217 722
517 722
614 722
342 723
346 723
481 723
533 723
35 724
104 724
107 724
160 724
239 725
379 725
381 725
389 725
0 726
6 726
14 726
411 726
6 727
94 727
437 727
672 727
15 728
295 728
297 728
626 728
276 729
567 729
607 729
649 729
250 730
254 730
258 730
259 730
187 731
196 731
205 731
571 731
164 732
214 732
477 732
488 732
206 733
218 733
604 733
664 733
22 734
141 734
142 734
148 734
188 735
203 735
655 735
681 735
305 736
318 736
324 736
483 736
187 737
195 737
198 737
205 737
85 738
87 738
604 738
612 738
134 739
136 739
188 739
429 739
308 740
322 740
586 740
651 740
188 741
203 741
451 741
735 741
87 742
89 742
92 742
221 742
342 743
345 743
354 743
365 743
49 744
234 744
382 744
621 744
275 745
277 745
525 745
597 745
187 746
571 746
646 746
731 746
118 747
119 747
158 747
606 747
48 748
49 748
168 748
428 748
256 749
260 749
261 749
562 749
235 750
242 750
247 750
420 750
43 751
239 751
432 751
496 751
342 752
359 752
392 752
445 752
134 753
170 753
171 753
176 753
210 754
213 754
215 754
635 754
374 755
375 755
383 755
396 755
6 756
14 756
411 756
674 756
202 757
217 757
571 757
625 757
173 758
183 758
184 758
186 758
30 759
252 759
256 759
470 759
63 760
281 760
314 760
502 760
49 761
60 761
197 761
688 761
211 762
216 762
218 762
457 762
22 763
23 763
532 763
642 763
378 764
383 764
398 764
467 764
304 765
312 765
436 765
720 765
74 766
276 766
279 766
525 766
303 767
305 767
308 767
318 767
327 768
329 768
330 768
630 768
22 769
142 769
148 769
734 769
237 770
241 770
245 770
629 770
42 771
155 771
622 771
634 771
118 772
158 772
182 772
282 772
34 773
114 773
147 773
307 773
25 774
62 774
97 774
425 774
276 775
292 775
294 775
686 775
315 776
316 776
326 776
331 776
48 777
138 777
529 777
702 777
374 778
390 778
393 778
584 778
21 779
24 779
181 779
639 779
148 780
277 780
279 780
302 780
2 781
5 781
65 781
81 781
97 782
190 782
198 782
624 782
115 783
122 783
340 783
449 783
318 784
370 784
425 784
648 784
120 785
251 785
606 785
696 785
10 786
493 786
543 786
631 786
38 787
87 787
100 787
701 787
193 788
517 788
614 788
708 788
189 789
250 789
259 789
262 789
390 790
393 790
584 790
778 790
261 791
262 791
374 791
789 791
159 792
163 792
164 792
469 792
174 793
180 793
342 793
530 793
206 794
215 794
604 794
652 794
341 795
476 795
565 795
719 795
55 796
270 796
271 796
480 796
87 797
89 797
221 797
742 797
280 798
287 798
295 798
297 798
155 799
165 799
167 799
679 799
76 800
158 800
169 800
358 800
371 801
373 801
387 801
574 801
341 802
359 802
489 802
588 802
63 803
281 803
594 803
760 803
78 804
95 804
129 804
561 804
24 805
62 805
211 805
212 805
250 806
259 806
262 806
789 806
382 807
404 807
441 807
603 807
145 808
246 808
280 808
618 808
276 809
286 809
291 809
632 809
158 810
164 810
358 810
659 810
308 811
313 811
320 811
487 811
107 812
109 812
472 812
687 812
124 813
125 813
606 813
696 813
233 814
419 814
598 814
675 814
39 815
113 815
438 815
595 815
35 816
108 816
109 816
539 816
113 817
338 817
343 817
362 817
12 818
543 818
631 818
786 818
6 819
94 819
437 819
727 819
425 820
527 820
648 820
784 820
260 821
266 821
516 821
572 821
232 822
233 822
675 822
814 822
188 823
203 823
735 823
741 823
225 824
352 824
422 824
448 824
37 825
40 825
42 825
563 825
277 826
288 826
302 826
414 826
234 827
441 827
621 827
744 827
86 828
91 828
137 828
515 828
59 829
403 829
492 829
564 829
134 830
171 830
176 830
753 830
86 831
106 831
179 831
252 831
32 832
38 832
577 832
695 832
303 833
304 833
308 833
512 833
10 834
14 834
376 834
786 834
227 835
237 835
461 835
641 835
24 836
91 836
169 836
181 836
606 837
696 837
785 837
813 837
503 838
626 838
698 838
728 838
4 839
6 839
41 839
86 839
44 840
334 840
476 840
719 840
382 841
621 841
744 841
827 841
371 842
376 842
387 842
574 842
314 843
404 843
495 843
603 843
28 844
49 844
51 844
111 844
74 845
276 845
525 845
766 845
18 846
23 846
39 846
704 846
20 847
89 847
221 847
742 847
369 848
377 848
384 848
668 848
5 849
34 849
58 849
107 849
235 850
242 850
420 850
682 850
3 851
97 851
98 851
141 851
158 852
164 852
166 852
477 852
390 853
393 853
778 853
790 853
359 854
362 854
392 854
690 854
77 855
78 855
80 855
561 855
162 856
164 856
214 856
460 856
97 857
98 857
141 857
851 857
176 858
183 858
459 858
830 858
109 859
472 859
687 859
812 859
9 860
46 860
118 860
462 860
344 861
381 861
393 861
725 861
260 862
266 862
516 862
821 862
379 863
390 863
432 863
623 863
44 864
84 864
403 864
564 864
234 865
621 865
744 865
827 865
24 866
169 866
181 866
836 866
118 867
125 867
696 867
813 867
374 868
389 868
390 868
584 868
369 869
377 869
467 869
668 869
48 870
49 870
168 870
428 870
43 871
98 871
140 871
553 871
346 872
357 872
508 872
533 872
15 873
295 873
626 873
728 873
291 874
292 874
294 874
686 874
419 875
598 875
675 875
814 875
250 876
254 876
256 876
759 876
339 877
426 877
526 877
677 877
157 878
159 878
455 878
628 878
87 879
206 879
604 879
738 879
349 880
356 880
366 880
526 880
374 881
389 881
390 881
868 881
8 882
23 882
25 882
532 882
148 883
277 883
279 883
780 883
3 884
4 884
13 884
38 884
2 885
37 885
54 885
825 885
303 886
322 886
335 886
767 886
254 887
256 887
578 887
714 887
377 888
384 888
668 888
848 888
17 889
192 889
199 889
264 889
318 890
324 890
483 890
713 890
254 891
258 891
259 891
730 891
232 892
461 892
465 892
523 892
235 893
242 893
247 893
682 893
202 894
427 894
478 894
625 894
188 895
191 895
541 895
655 895
33 896
36 896
199 896
219 896
165 897
167 897
679 897
799 897
20 898
85 898
321 898
612 898
4 899
44 899
76 899
88 899
109 900
687 900
812 900
859 900
370 901
372 901
425 901
483 901
374 902
584 902
778 902
853 902
315 903
316 903
331 903
776 903
18 904
22 904
34 904
307 904
30 905
31 905
70 905
77 905
277 906
302 906
780 906
883 906
322 907
335 907
548 907
651 907
158 908
169 908
306 908
358 908
132 909
138 909
479 909
599 909
308 910
310 910
319 910
519 910
276 911
686 911
775 911
874 911
28 912
42 912
51 912
64 912
24 913
181 913
184 913
501 913
145 914
243 914
246 914
618 914
108 915
206 915
652 915
794 915
282 916
298 916
424 916
607 916
22 917
30 917
642 917
763 917
91 918
171 918
181 918
443 918
266 919
267 919
274 919
582 919
162 920
169 920
460 920
640 920
111 921
421 921
470 921
693 921
206 922
215 922
226 922
303 922
308 923
313 923
320 923
811 923
121 924
305 924
340 924
418 924
239 925
379 925
432 925
496 925
162 926
164 926
460 926
640 926
162 927
214 927
460 927
856 927
316 928
328 928
332 928
487 928
281 929
314 929
331 929
843 929
14 930
63 930
68 930
69 930
109 931
687 931
859 931
900 931
171 932
183 932
264 932
918 932
32 933
44 933
53 933
577 933
281 934
291 934
292 934
874 934
316 935
329 935
330 935
332 935
145 936
280 936
484 936
706 936
114 937
144 937
307 937
589 937
341 938
348 938
362 938
569 938
382 939
441 939
603 939
807 939
195 940
196 940
201 940
204 940
304 941
311 941
326 941
331 941
305 942
308 942
322 942
736 942
111 943
458 943
491 943
542 943
57 944
207 944
219 944
444 944
175 945
530 945
673 945
678 945
374 946
390 946
393 946
584 946
69 947
94 947
440 947
594 947
379 948
389 948
725 948
861 948
200 949
202 949
478 949
517 949
23 950
52 950
231 950
514 950
282 951
446 951
482 951
507 951
28 952
78 952
80 952
189 952
191 953
541 953
655 953
895 953
47 954
49 954
60 954
688 954
353 955
363 955
435 955
505 955
67 956
234 956
342 956
697 956
298 957
607 957
729 957
916 957
281 958
292 958
874 958
934 958
254 959
258 959
730 959
891 959
48 960
529 960
702 960
777 960
327 961
329 961
371 961
630 961
107 962
339 962
479 962
599 962
202 963
478 963
625 963
894 963
215 964
226 964
303 964
922 964
32 965
48 965
49 965
471 965
53 966
577 966
832 966
933 966
32 967
38 967
40 967
143 967
359 968
392 968
690 968
854 968
313 969
315 969
316 969
329 969
145 970
146 970
246 970
558 970
130 971
157 971
628 971
878 971
543 972
631 972
786 972
818 972
108 973
652 973
794 973
915 973
276 974
525 974
766 974
845 974
175 975
673 975
678 975
945 975
112 976
437 976
672 976
727 976
59 977
72 977
130 977
971 977
3 978
26 978
27 978
645 978
211 979
216 979
457 979
762 979
5 980
58 980
107 980
849 980
18 981
23 981
39 981
846 981
155 982
433 982
583 982
601 982
370 983
385 983
527 983
576 983
254 984
261 984
647 984
749 984
287 985
297 985
503 985
838 985
265 986
268 986
273 986
581 986
49 987
197 987
688 987
954 987
472 988
812 988
859 988
900 988
144 989
147 989
246 989
773 989
382 990
404 990
807 990
939 990
174 991
177 991
180 991
552 991
3 992
14 992
68 992
575 992
35 993
193 993
208 993
400 993
404 994
603 994
807 994
939 994
25 995
274 995
296 995
590 995
18 996
83 996
438 996
815 996
24 997
62 997
211 997
805 997
354 998
364 998
422 998
691 998
190 999
350 999
451 999
658 999
